1.257000000000000028e+01 5.058547838607855285e-01 1.011304034803614874e-02
1.258000000000000007e+01 5.066931422738848445e-01 1.189350483931169572e-02
1.258999999999999986e+01 5.168723744975692869e-01 7.254720190445997086e-02
1.259999999999999964e+01 5.323884138656961307e-01 2.032055338135038136e-01
1.260999999999999943e+01 5.349804494255177012e-01 2.088028398320826429e-01
1.261999999999999922e+01 5.454801464226339824e-01 2.928269790241333492e-01
1.263000000000000078e+01 5.501564794820089643e-01 3.093407976022906070e-01
1.264000000000000057e+01 5.637484144693806210e-01 4.010767068069293617e-01
1.265000000000000036e+01 5.728420176397134300e-01 4.418655430933589590e-01
1.266000000000000014e+01 5.839067650067643056e-01 4.908294599509415157e-01
1.266999999999999993e+01 5.956920353939850754e-01 5.374652076872952211e-01
1.267999999999999972e+01 6.074754831401402155e-01 5.776222727794790845e-01
1.268999999999999950e+01 6.194386899821126002e-01 6.135918613843087677e-01
1.269999999999999929e+01 6.246362829356323365e-01 6.085093946625355077e-01
1.271000000000000085e+01 6.358008827913799177e-01 6.342437012854544864e-01
1.272000000000000064e+01 6.453070348799572198e-01 6.492905874361292184e-01
1.273000000000000043e+01 6.563863640789456833e-01 6.698374378033601362e-01
1.274000000000000021e+01 6.650370805187862944e-01 6.781014519845841582e-01
1.275000000000000000e+01 6.739246132900535979e-01 6.865502138882184635e-01
1.275999999999999979e+01 6.844671445722162462e-01 7.005603533299182839e-01
1.276999999999999957e+01 6.935355945060359684e-01 7.080448177374182306e-01
1.277999999999999936e+01 7.045483452876395436e-01 7.216603826102901964e-01
1.278999999999999915e+01 7.160366723485523943e-01 7.358039002559442210e-01
1.280000000000000071e+01 7.233335388806573230e-01 7.356098658430725301e-01
1.281000000000000050e+01 7.318415002115629120e-01 7.391160425371383624e-01
1.282000000000000028e+01 7.404390577061559231e-01 7.426456060827514305e-01
1.283000000000000007e+01 7.504893296404525627e-01 7.500348473244243808e-01
1.283999999999999986e+01 7.583548946020634007e-01 7.510262416533249885e-01
1.284999999999999964e+01 7.685835851782505390e-01 7.581481642130547538e-01
1.285999999999999943e+01 7.759797956664848950e-01 7.576791477992893542e-01
1.286999999999999922e+01 7.858683068825966789e-01 7.633402484243047015e-01
1.288000000000000078e+01 7.931322354776767503e-01 7.624640760108815085e-01
1.289000000000000057e+01 8.024982425464185498e-01 7.664668720549030478e-01
1.290000000000000036e+01 8.110564783030520530e-01 7.684597026636811323e-01
1.291000000000000014e+01 8.195802936134672922e-01 7.702771744232713713e-01
1.291999999999999993e+01 8.284374864189135712e-01 7.727069437969755761e-01
1.292999999999999972e+01 8.368027544728133815e-01 7.740134276428671800e-01
1.293999999999999950e+01 8.443660764495892757e-01 7.736611139286635463e-01
1.294999999999999929e+01 8.533003513515072802e-01 7.759855947941955989e-01
1.296000000000000085e+01 8.607740337203415582e-01 7.754442368589259393e-01
1.297000000000000064e+01 8.692908556364226103e-01 7.768508217941518801e-01
1.298000000000000043e+01 8.768415150345573172e-01 7.764585812530644393e-01
1.299000000000000021e+01 8.854273621849660936e-01 7.779024637167966105e-01
1.300000000000000000e+01 8.938244328771756120e-01 7.789640709068296198e-01
1.300999999999999979e+01 9.021925385643772000e-01 7.799353442074912213e-01
1.301999999999999957e+01 9.100434258394155540e-01 7.800199689139716286e-01
1.302999999999999936e+01 9.185790806830721467e-01 7.812016793301841400e-01
1.303999999999999915e+01 9.268070092789375547e-01 7.818558746462147546e-01
1.305000000000000071e+01 9.346794152328961047e-01 7.819388241520136562e-01
1.306000000000000050e+01 9.437365676026625572e-01 7.838070031492290202e-01
1.307000000000000028e+01 9.530912028957391202e-01 7.860506273040824832e-01
