1.753532010949304342e+09 7.609517319305926508e-02 2.891594250898371632e-02 -6.388221827297030711e-03 7.609517319305926508e-02 2.891594250898371632e-02 -6.388221827297030711e-03 7.609517319305926508e-02 2.891594250898371632e-02 -6.388221827297030711e-03 1.521294930675965405e-03 5.780876093550561291e-04 -1.277133499288355843e-04 1.521294930675965405e-03 5.780876093550561291e-04 -1.277133499288355843e-04 1.521294930675965405e-03 5.780876093550561291e-04 -1.277133499288355843e-04 0.000000000000000000e+00 0.000000000000000000e+00 0.000000000000000000e+00 0.000000000000000000e+00 0.000000000000000000e+00 0.000000000000000000e+00 0.000000000000000000e+00 0.000000000000000000e+00 0.000000000000000000e+00
1.753532010949404716e+09 2.563236863498351281e-02 1.623175988540653814e-02 -9.322437286986445804e-02 1.133306959145704423e-03 -8.267353094740921560e-03 -1.177240832125314718e-01 -1.719920992602805981e-02 -2.659985605044348431e-02 -1.360564239802216080e-01 7.502566122950711514e-02 7.482506781944642249e-02 7.248945536004856860e-02 2.832527462384291234e-02 2.812451946259805768e-02 2.578702365079636391e-02 -6.619631059457425915e-03 -6.820306275871830526e-03 -9.156871248808951327e-03 7.609381027523823282e-02 7.609355714967204476e-02 7.609060987824377287e-02 2.891518079812588696e-02 2.891492441864488422e-02 2.891193926020928576e-02 -6.388514787144256545e-03 -6.388769544568852557e-03 -6.391735816565672669e-03
1.753532010949495554e+09 4.422349546390652586e-02 3.228544749660157420e-02 3.674975900097708637e-02 3.787472695702792658e-02 2.593664083687924685e-02 3.040096660876144205e-02 -3.604998875292192428e-02 -4.798806916884100493e-02 -4.352374553009295821e-02 1.567379359514057668e-03 1.287194946846946086e-03 1.391971749574005390e-03 -7.752609744406925574e-03 -8.038249026826477586e-03 -7.931432339701451409e-03 -1.163806618821880828e-01 -1.166636974157733986e-01 -1.165578544176389814e-01 -1.719792680184260153e-02 -1.719875974444814992e-02 -1.719844826008599947e-02 -2.659816115934717645e-02 -2.659910375545130462e-02 -2.659875126544262308e-02 -1.360521596118733634e-01 -1.360530498485723883e-01 -1.360527169387074076e-01
1.753532010949567795e+09 1.058415892423940491e-01 1.954203383963867141e-02 7.561493981039801859e-02 9.682942747101505598e-02 1.052936171514021191e-02 6.660259928647788152e-02 1.001995886684091952e-01 1.389968223143318166e-02 6.997281628574121559e-02 3.949540668183775666e-02 3.722129155547421880e-02 3.869889179399402246e-02 2.764986389680153256e-02 2.535395883093533032e-02 2.684571702453542735e-02 3.207853719511471330e-02 2.979247031797977591e-02 3.127783617468918309e-02 -3.604211223530285474e-02 -3.605315457742438306e-02 -3.604597984507972724e-02 -4.797949177160698575e-02 -4.799097063056034784e-02 -4.798351227256835577e-02 -4.351545122601668814e-02 -4.352673293554772116e-02 -4.351940267486711228e-02
1.753532010949639797e+09 1.311984123314277606e-01 6.975009097236398170e-02 6.787502073877849096e-02 6.188306159198635192e-02 4.340447718804013588e-04 -1.441046683412543217e-03 1.069206825789262294e-01 4.547181948871996393e-02 4.359673272443162495e-02 9.760706854374942565e-02 9.574577571236338180e-02 9.568897912773864645e-02 1.180260204486816532e-02 9.959893134475324150e-03 9.903663630550384525e-03 6.755172820379343190e-02 6.569832230688790742e-02 6.564176638882252002e-02 1.002049081714408013e-01 1.001921410263162809e-01 1.001917514421378913e-01 1.390826976338861189e-02 1.389588268886108452e-02 1.389550470238050915e-02 6.997923715022195956e-02 6.996663190784307984e-02 6.996624726406032446e-02
1.753532010949709415e+09 1.276888384401459187e-01 9.614933013055756983e-02 8.952399988944763354e-02 7.634409124711590000e-02 4.480416296205755322e-02 3.817874449902119993e-02 7.477707795226648524e-02 4.323722379675222494e-02 3.661182090569960190e-02 6.177207676152803029e-02 6.066817400608178618e-02 6.043628325378749139e-02 6.665989673095038892e-04 -4.088496576552786799e-04 -6.347632079807641152e-04 -1.199319398880148435e-03 -2.290040162954968660e-03 -2.519161847158096074e-03 1.069197088133133217e-01 1.069101348189304135e-01 1.069081236628308673e-01 4.547379269646437822e-02 4.546479839691971309e-02 4.546290901411177698e-02 4.359876904578232487e-02 4.358946391259450881e-02 4.358750923468064642e-02
1.753532010949777365e+09 1.362296362358346447e-01 1.018017819138809232e-01 8.619632628995002599e-02 1.091440061111203924e-01 7.471551001943198267e-02 5.910976349415644759e-02 1.034536455463062471e-01 6.902532178673109753e-02 5.341965337614492521e-02 7.669984625518724841e-02 7.530187821447559271e-02 7.466820734962915929e-02 4.531495450403869724e-02 4.397984178232760416e-02 4.337466197249199157e-02 3.873477900261811796e-02 3.736638508827471589e-02 3.674611958155314662e-02 7.478072825355303044e-02 7.476633994741892220e-02 7.475981801692682671e-02 4.324225238833275670e-02 4.322914559595453232e-02 4.322320454993645172e-02 3.661739724947953023e-02 3.660361225833855953e-02 3.659736379842830345e-02
1.753532010949843645e+09 1.505651654932130268e-01 1.169279991297388077e-01 1.247250178283711708e-01 1.203977655738817237e-01 8.675968612223997067e-02 9.455691647263392285e-02 1.067221196931308069e-01 7.308435108850708239e-02 8.088150938526887657e-02 1.098297100037044782e-01 1.082502857276592262e-01 1.086163926844797983e-01 7.554628898195663023e-02 7.406225620218324923e-02 7.440625162701312856e-02 6.004933985237260324e-02 5.851506698415399887e-02 5.887070794727908285e-02 1.034616197598107051e-01 1.034431897227920810e-01 1.034474617634776050e-01 6.903455425790590294e-02 6.901807190188331831e-02 6.902189247454144916e-02 5.343033459776209970e-02 5.341282681366386897e-02 5.341688507821892862e-02
1.753532010949911356e+09 1.684087254698141689e-01 1.277521693803218561e-01 1.409249813857715306e-01 1.384764957640968741e-01 9.781844377246830258e-02 1.109917404534417895e-01 1.454141614071708943e-01 1.047566901108231974e-01 1.179297986452711722e-01 1.213870979029762626e-01 1.191676081888704553e-01 1.198867276511187963e-01 8.785123450882580121e-02 8.581623322841241963e-02 8.647557803958452749e-02 9.564719992860443165e-02 9.351471900635002776e-02 9.420564743206892577e-02 1.067348617822080903e-01 1.067062090533367064e-01 1.067154925993910042e-01 7.309770385596089937e-02 7.307282626631449174e-02 7.308088665910426884e-02 8.089517927573201816e-02 8.086830739710736127e-02 8.087701394383445264e-02
1.753532010949989080e+09 1.816767650841832060e-01 1.409537195353790795e-01 1.559301728313952362e-01 1.450540352479085804e-01 1.043289566148908609e-01 1.193061576052496520e-01 1.569193656130409842e-01 1.161951406763913619e-01 1.311720277083117947e-01 1.393579771001807188e-01 1.367287100889041651e-01 1.376956587555982769e-01 9.883585863689448026e-02 9.649231995445227417e-02 9.735418814608692850e-02 1.119803656629685396e-01 1.094851565641613289e-01 1.104028036121282030e-01 1.454265204439842141e-01 1.453894515955806710e-01 1.454030841682277253e-01 1.047702318951136968e-01 1.047390242444617148e-01 1.047505012820007519e-01 1.179432698923703754e-01 1.179089513450540944e-01 1.179215724571085339e-01
1.753532010950056791e+09 1.907896162268872264e-01 1.663106185175417528e-01 1.596325055822406525e-01 1.537426853054455200e-01 1.292621947409475225e-01 1.225836745399804528e-01 1.673668355024071630e-01 1.428869999441491900e-01 1.362086584353694452e-01 1.457590335805752091e-01 1.439398137045371229e-01 1.434435125107309528e-01 1.051808070273458628e-01 1.035982205296200193e-01 1.031664752642629801e-01 1.201127692261174384e-01 1.184040386172999920e-01 1.179378799895171026e-01 1.569298548177065766e-01 1.569026341898532850e-01 1.568952081330705628e-01 1.162071770126015813e-01 1.161848215162577524e-01 1.161787227155191837e-01 1.311836751935890888e-01 1.311587263384451918e-01 1.311519200437498145e-01
1.753532010950127363e+09 2.256933465066993105e-01 1.792339244778273222e-01 1.766873403848140678e-01 2.032449821322058481e-01 1.567821092862912158e-01 1.542353360433616483e-01 1.971165919334472716e-01 1.506553140533573587e-01 1.481086282354197592e-01 1.567516631988720432e-01 1.527783984310142062e-01 1.525606115448822908e-01 1.319710791299677499e-01 1.285913228402113528e-01 1.284060679827487006e-01 1.255753764876405554e-01 1.218782406636901711e-01 1.216755892559061858e-01 1.674140177276758346e-01 1.673515533125760901e-01 1.673481294454911006e-01 1.429271874355405869e-01 1.428769530151149103e-01 1.428741995117265573e-01 1.362544523051019973e-01 1.361976779538349447e-01 1.361945659766833905e-01
1.753532010950195312e+09 2.348820038898935814e-01 2.106494913561988147e-01 2.119716336410394364e-01 1.919770038807569745e-01 1.677422776325992182e-01 1.690645406991992394e-01 1.896224669296739940e-01 1.653887963720983845e-01 1.667110018395057125e-01 2.041815514818865474e-01 2.018206906948744606e-01 2.019495008572870509e-01 1.578530287633311824e-01 1.558891575576233923e-01 1.559963076997903098e-01 1.554064595173735019e-01 1.532294663344958008e-01 1.533482445559819218e-01 1.971318061219904660e-01 1.970932191069724726e-01 1.970953244406282445e-01 1.506718771328231232e-01 1.506414893969388880e-01 1.506431473723756909e-01 1.481271826068850384e-01 1.480923930095584262e-01 1.480942911535347850e-01
1.753532010950261831e+09 2.524673782570268088e-01 2.431270226970842496e-01 2.139633177840484235e-01 2.299613017490544364e-01 2.206199475890560646e-01 1.914531247136293524e-01 2.311864278719178711e-01 2.218455686877231214e-01 1.926802912918216537e-01 1.939470157638649717e-01 1.929163457609359977e-01 1.896982503003041831e-01 1.694961192311161269e-01 1.686612209429912967e-01 1.660543900626237912e-01 1.710095653769112267e-01 1.700688719087079526e-01 1.671317131951836898e-01 1.896555704625036143e-01 1.896381761212099226e-01 1.895838651869643232e-01 1.654167305012209377e-01 1.654033896378763469e-01 1.653617350135561381e-01 1.667429325467323364e-01 1.667274009912526889e-01 1.666789062955270073e-01
1.753532010950328827e+09 2.658938422634617993e-01 2.345521202806109540e-01 2.411964206896638485e-01 2.571803697368701402e-01 2.258346519619015558e-01 2.324797994604416440e-01 2.299451776040041251e-01 1.986015255225438425e-01 2.052462351035939658e-01 2.316532494781909923e-01 2.277552089753859532e-01 2.285815755713714592e-01 2.220238135014038772e-01 2.189396670043019522e-01 2.195934918274398129e-01 1.932624898252681689e-01 1.897364445046574311e-01 1.904839498388854468e-01 2.312155198336958983e-01 2.311479401179526438e-01 2.311622667057898484e-01 2.218684319620598810e-01 2.218177433798176890e-01 2.218284891253102520e-01 1.927107892132991218e-01 1.926509285513081926e-01 1.926636187353756302e-01
1.753532010950394869e+09 2.809991486383168757e-01 2.570838495806238022e-01 2.364636653976630032e-01 2.516144475617392851e-01 2.276955832713073169e-01 2.070723250830600048e-01 2.578413575721102968e-01 2.339243836774458352e-01 2.133027554211015531e-01 2.593310706318293080e-01 2.559964493392858920e-01 2.531212812275766555e-01 2.277110997005374338e-01 2.251397850610119544e-01 2.229227531379968097e-01 2.345710867138288691e-01 2.315828420406015609e-01 2.290063258365996057e-01 2.299831466015492265e-01 2.299240067738083371e-01 2.298730153921984543e-01 1.986329983032727176e-01 1.985897380652334454e-01 1.985524383403161064e-01 2.052823458615480601e-01 2.052304104610938318e-01 2.051856308612068358e-01
1.753532010950462580e+09 3.048583775902086179e-01 2.579323121946661690e-01 2.631354810609743966e-01 2.823535958138682633e-01 2.354195336445854825e-01 2.406235891943138416e-01 2.629338461350823053e-01 2.160041076657702452e-01 2.212076838030252457e-01 2.553752907669507022e-01 2.480616718243269792e-01 2.488726069424014031e-01 2.307061469679461962e-01 2.251895791851105388e-01 2.258012570126587126e-01 2.107522294539570795e-01 2.042501709591716952e-01 2.049711201383073444e-01 2.579091438002165115e-01 2.577768514537992495e-01 2.577915200481577518e-01 2.339759567972365117e-01 2.338811350697266311e-01 2.338916489164825918e-01 2.133677963646490316e-01 2.132524220302162155e-01 2.132652147529776887e-01
1.753532010950523615e+09 3.168760358240454988e-01 2.926556397143520449e-01 2.814307651386185327e-01 2.725536121257643440e-01 2.483286015843709227e-01 2.371015884632215465e-01 2.774642706174378914e-01 2.532417839327091302e-01 2.420159404858449881e-01 2.844908999480928458e-01 2.803292116383615529e-01 2.784004888755932661e-01 2.373417667709241397e-01 2.342718389396770962e-01 2.328490895054302345e-01 2.428067460338687034e-01 2.391352006560786558e-01 2.374336332589908061e-01 2.629729691405908731e-01 2.628965033542540186e-01 2.628610655002618923e-01 2.160376709940018958e-01 2.159840198283095036e-01 2.159591553462006652e-01 2.212468192599540973e-01 2.211805931683379078e-01 2.211499008721150850e-01
1.753532010950555086e+09 3.414305222170129217e-01 3.088000309875469918e-01 2.965494471078410355e-01 3.184884762808488090e-01 2.858516007320598407e-01 2.735986199641540773e-01 3.078469758054279692e-01 2.752136243577882335e-01 2.629619666559810942e-01 2.770277567183934142e-01 2.711336055737188500e-01 2.689207429940622118e-01 2.517654329684064218e-01 2.474710963820854481e-01 2.458588579947298680e-01 2.412998916967665219e-01 2.361214382509024545e-01 2.341772726586779929e-01 2.775470112890577878e-01 2.774378961707220093e-01 2.773969306853936723e-01 2.533022844096322057e-01 2.532266420115685812e-01 2.531982433112295872e-01 2.420921279932011227e-01 2.419979826572579706e-01 2.419626373317235180e-01
1.753532010950582981e+09 3.666978207615363416e-01 3.240424860087716130e-01 3.244466332650479123e-01 3.357019484572234536e-01 2.930380194212742206e-01 2.934422481059577592e-01 3.240561813639537547e-01 2.813970389723633447e-01 2.818012223049427556e-01 3.233129293865855125e-01 3.152536547688555291e-01 3.153300141209321450e-01 2.895593596580794959e-01 2.837573169128485007e-01 2.838122896300918629e-01 2.781525436022891928e-01 2.710994348305793555e-01 2.711662610452797439e-01 3.079368082353340363e-01 3.077866415666603572e-01 3.077880643534578464e-01 2.752793743605231880e-01 2.751764894804982209e-01 2.751774642856946729e-01 2.630451860154577881e-01 2.629160880139930212e-01 2.629173111811158314e-01
1.753532010950610638e+09 3.808545289502178188e-01 3.552683810915162055e-01 3.504885868474443278e-01 3.402305276283354996e-01 3.146390583455762613e-01 3.098582699967168397e-01 3.406114444204054736e-01 3.150229655658168260e-01 3.102427358642159128e-01 3.385669665417285201e-01 3.335077810630699968e-01 3.325626655355538031e-01 2.953744127658406993e-01 2.917824708884571017e-01 2.911114537738303532e-01 2.962334255175668174e-01 2.918251578181382810e-01 2.910016414102593596e-01 3.241098623896733200e-01 3.240150007483583172e-01 3.239972794747361662e-01 2.814387694354003600e-01 2.813746791970130334e-01 2.813627063844491016e-01 2.818525019798088227e-01 2.817712861749722131e-01 2.817561141045757944e-01
1.753532010950638056e+09 3.897270462072197073e-01 3.636578068963171595e-01 3.621334080895228791e-01 3.653073047454190037e-01 3.392324634253994775e-01 3.377077370411139534e-01 3.607402318900351235e-01 3.346685758494423180e-01 3.331440357243758976e-01 3.421113795984989658e-01 3.367151269656436519e-01 3.363995810850530788e-01 3.161343493077473643e-01 3.123624177752997721e-01 3.121418540734288150e-01 3.117053811624951321e-01 3.070255909710342124e-01 3.067519402327509859e-01 3.406468270426967759e-01 3.405450281491578801e-01 3.405390754587094837e-01 3.150497549317550217e-01 3.149820646599233998e-01 3.149781064711791312e-01 3.102768226340272828e-01 3.101900617014853867e-01 3.101849883558282506e-01
1.753532010950665474e+09 4.030947907876269443e-01 3.654879933912996703e-01 3.673159682356901268e-01 3.781643819951451824e-01 3.405491944731342535e-01 3.423775771411032842e-01 3.767014632926035667e-01 3.390911043195815600e-01 3.409192522835423067e-01 3.682516326706081755e-01 3.601002136442918999e-01 3.604964342734818250e-01 3.414402074666286757e-01 3.358336875151581857e-01 3.361062067974532330e-01 3.404402477392655113e-01 3.334047997880055236e-01 3.337467757807599522e-01 3.607959935620133618e-01 3.606413136381584894e-01 3.606488322525929768e-01 3.347083642518061675e-01 3.346071910529834215e-01 3.346121088358093854e-01 3.331948333945384255e-01 3.330636049052948522e-01 3.330699836025999283e-01
1.753532010950692415e+09 4.186164812428923021e-01 3.912136291101581120e-01 3.957497035877649005e-01 3.825813520774690168e-01 3.551721560653297582e-01 3.597092806638990670e-01 3.843284519062987181e-01 3.569229432349061426e-01 3.614594574571478591e-01 3.817506553259936153e-01 3.755357309291417200e-01 3.765645055910003536e-01 3.432375978071215972e-01 3.390300735157052991e-01 3.397265573510285797e-01 3.456994973821388428e-01 3.403600666543703523e-01 3.412439182816339178e-01 3.767698134559804291e-01 3.766512238613892727e-01 3.766708543447684909e-01 3.391398778414536630e-01 3.390635451252478894e-01 3.390761807036216102e-01 3.409814007175908102e-01 3.408812304785788783e-01 3.408978119520107986e-01
1.753532010950720072e+09 4.394788158724937110e-01 4.028806514582730647e-01 3.977904047585465452e-01 4.131808688209024916e-01 3.765738978529895031e-01 3.714824262959077750e-01 4.175300515399967827e-01 3.809282604900072200e-01 3.758375093805363942e-01 3.875928315783921940e-01 3.788938877788466941e-01 3.776839973191618571e-01 3.586937361497427590e-01 3.529107477903494217e-01 3.521064222761572382e-01 3.641419490803501358e-01 3.567062455605356508e-01 3.556720525645838404e-01 3.844244857407143612e-01 3.842575786740763943e-01 3.842343644457479335e-01 3.569870987207429125e-01 3.568816529827771866e-01 3.568669870882364981e-01 3.615429047614548974e-01 3.614026072891796670e-01 3.613830940497410604e-01
1.753532010950746775e+09 4.553548655428566461e-01 4.242370017094376222e-01 4.285548067647784731e-01 4.201715970620316098e-01 3.890459394336273080e-01 3.933648259284772131e-01 4.152706955738542094e-01 3.841496701324224605e-01 3.884679138813424415e-01 4.171985074471727950e-01 4.094611202303831687e-01 4.105347327964200543e-01 3.794511162719693687e-01 3.743949138291303713e-01 3.750964946505320752e-01 3.751877503459230545e-01 3.686050726580296644e-01 3.695184618016617017e-01 4.176074274916815599e-01 4.174582101595576966e-01 4.174789150303816476e-01 3.809809568362656496e-01 3.808883203080613566e-01 3.809011742260530187e-01 3.759076047091425843e-01 3.757827388655811673e-01 3.758000648097222784e-01
1.753532010950777054e+09 4.664830893933079037e-01 4.431269039233183271e-01 4.332451772292464920e-01 4.365266976869825455e-01 4.131643683695385150e-01 4.032800422860470801e-01 4.406793464274211813e-01 4.173207163832269861e-01 4.074379554186317032e-01 4.231492247421120290e-01 4.170362763125796679e-01 4.144499599060239015e-01 3.911653431264346947e-01 3.872564648445077640e-01 3.856026645305812295e-01 3.960581214166445929e-01 3.908868764381143723e-01 3.886989836586369207e-01 4.153282910783950288e-01 4.152097427896054294e-01 4.151595864063478136e-01 3.841886264095583092e-01 3.841166551493141457e-01 3.840862049576733162e-01 3.885190750130415038e-01 3.884204124393391133e-01 3.883786694676747975e-01
1.753532010950805902e+09 4.840259843700244202e-01 4.472532002764280090e-01 4.552905043573789445e-01 4.615162123256900673e-01 4.247333007149121098e-01 4.327728183333250378e-01 4.519791728625853211e-01 4.152024351740781771e-01 4.232406033790080957e-01 4.413991829509398279e-01 4.312981083824420359e-01 4.335058663711963689e-01 4.163805535564385485e-01 4.100512119060275573e-01 4.114345948815211207e-01 4.076193585001263164e-01 3.991186025205918919e-01 4.009765842429325322e-01 4.407741396701806980e-01 4.405772590077703943e-01 4.406202905538024184e-01 4.173800966984358984e-01 4.172630234765140056e-01 4.172886117779580073e-01 4.075209586118019867e-01 4.073579129638668084e-01 4.073935493042699085e-01
1.753532010950833559e+09 5.016734619741750612e-01 4.659000221633998740e-01 4.661071909622419018e-01 4.661803402376898942e-01 4.303966111581380982e-01 4.306038395435187183e-01 4.739340610486060812e-01 4.381566746646658461e-01 4.383638663186436024e-01 4.666739159734847320e-01 4.563827928923493427e-01 4.564423901695117136e-01 4.281531107112732104e-01 4.218366810177222037e-01 4.218732603111730040e-01 4.372718615132900055e-01 4.286549852797082449e-01 4.287048867683133091e-01 4.520800376651040176e-01 4.518785193119214116e-01 4.518796863317940948e-01 4.152659201302123515e-01 4.151486077133481056e-01 4.151492870853240591e-01 4.233270906561672486e-01 4.231610121024627635e-01 4.231619738856926549e-01
1.753532010950860739e+09 5.134786643359163794e-01 4.819768430131221582e-01 4.859076744243367441e-01 4.789083746350520365e-01 4.473971176987957543e-01 4.513291264960859195e-01 4.791021648562370783e-01 4.475967851001871334e-01 4.515280605365605826e-01 4.698154482484209749e-01 4.603353012279810530e-01 4.615182442492442028e-01 4.328300731544702518e-01 4.271298035594904841e-01 4.278410893783877178e-01 4.338709077589847363e-01 4.259718442362205315e-01 4.269574979448203522e-01 4.740054114574621114e-01 4.738189601732669676e-01 4.738422257666136672e-01 4.382020056714884260e-01 4.380957287092943631e-01 4.381089900638364121e-01 4.384268940439490780e-01 4.382739487577086424e-01 4.382930334363114855e-01
1.753532010950888157e+09 5.248780015206341298e-01 5.028630176156999587e-01 5.014019703806691375e-01 4.944045368330121648e-01 4.723826840150864848e-01 4.709211809175223307e-01 4.982021893958752390e-01 4.761846621530145263e-01 4.747234461267249017e-01 4.825746727342966613e-01 4.756428440865596574e-01 4.751828060904740303e-01 4.497733973979884392e-01 4.456951459457083597e-01 4.454244885591826519e-01 4.545474172628801712e-01 4.488003123706585384e-01 4.484188997950930844e-01 4.791744162028352960e-01 4.790375052605450601e-01 4.790284190238918161e-01 4.476411856650862053e-01 4.475648743436935195e-01 4.475598098637191269e-01 4.515904123939737391e-01 4.514786366933077888e-01 4.514712185830285773e-01
1.753532010950915098e+09 5.409268386567152032e-01 5.129674269944981546e-01 5.087538667161541905e-01 5.196153304483823732e-01 4.916468407728085688e-01 4.874319124128701497e-01 5.181917937062250346e-01 4.902290865689846733e-01 4.860150296534859193e-01 4.997453758553519476e-01 4.905445942895892975e-01 4.891580111882142812e-01 4.756118211034713883e-01 4.703164967680102948e-01 4.695184768185777235e-01 4.754886786098759255e-01 4.678972468621046543e-01 4.667531972070329549e-01 4.983079013295573789e-01 4.981254486100337719e-01 4.980979524831142258e-01 4.762451662531758112e-01 4.761457485282790114e-01 4.761307660035517531e-01 4.748124053952264556e-01 4.746641349764059159e-01 4.746417902162677893e-01
1.753532010950942755e+09 5.574349028850656973e-01 5.249699394767585181e-01 5.249961555806955671e-01 5.303393718145810176e-01 4.978634054189512437e-01 4.978896304080194790e-01 5.262443722676508617e-01 4.937754922174338867e-01 4.938017114841372068e-01 5.253727221582016327e-01 5.141995014224185478e-01 5.142085240204864460e-01 4.950836394217500436e-01 4.887960265790307068e-01 4.888011039515114953e-01 4.923837608984538150e-01 4.832091229793331055e-01 4.832165316820088985e-01 5.183062148934948210e-01 5.180837769592130382e-01 5.180839565822710213e-01 4.902937268931595871e-01 4.901752851841395531e-01 4.901753808281763547e-01 4.861118857769138879e-01 4.859319451049552985e-01 4.859320904106283479e-01
1.753532010950970411e+09 5.710942863324939278e-01 5.398324437098636075e-01 5.402763593741791714e-01 5.396004059501071648e-01 5.083275188017311041e-01 5.087715912974286603e-01 5.396173832260280356e-01 5.083516837629320495e-01 5.087956541940736876e-01 5.353435160268288362e-01 5.240958729472021682e-01 5.242555885791292392e-01 5.008437247052395236e-01 4.946590572837100130e-01 4.947468790663266391e-01 5.021977798333647769e-01 4.930058134600223685e-01 4.931363386471728782e-01 5.263441827405587192e-01 5.261194185781125077e-01 5.261226102112382952e-01 4.938317371541072753e-01 4.937148703051563725e-01 4.937165298050621987e-01 4.938862767063657011e-01 4.937052725170936185e-01 4.937078427621010568e-01
1.753532010950997829e+09 5.869799168226960129e-01 5.559105110904725144e-01 5.498787961432645144e-01 5.566292649919168944e-01 5.255484387574776983e-01 5.195145066705370018e-01 5.570512391161833721e-01 5.259779211766517637e-01 5.199454467260434809e-01 5.456606789426133863e-01 5.339844699643195858e-01 5.317176881395209165e-01 5.118039848600096642e-01 5.055329583504213353e-01 5.043155213431537165e-01 5.139087727242310777e-01 5.044106871188630548e-01 5.025667591915148336e-01 5.397387239888186139e-01 5.395045585971609547e-01 5.394590984778026010e-01 5.084174875278043571e-01 5.082986441319020665e-01 5.082755722555482025e-01 5.088969247920118733e-01 5.087091766213768240e-01 5.086727277926836877e-01
1.753532010951055050e+09 5.982567122026951623e-01 5.670598979258799632e-01 5.684335913500216941e-01 5.680837037464158135e-01 5.368741105919822010e-01 5.382483667101221059e-01 5.622038973944627482e-01 5.310028684476304495e-01 5.323767474568911195e-01 5.613696966156817014e-01 5.485692394014946016e-01 5.491328836167376215e-01 5.282124579745646198e-01 5.216575402823860896e-01 5.219461738348263324e-01 5.236107958562176146e-01 5.132913567410837263e-01 5.137457539602198198e-01 5.571464194774308210e-01 5.568879451455295282e-01 5.568993265797648196e-01 5.260283215939122181e-01 5.259033903184503478e-01 5.259088914337259890e-01 5.200264235162944670e-01 5.198209328159870690e-01 5.198299812150072308e-01
1.753532010951085329e+09 6.135298041439845029e-01 5.872115946529473662e-01 5.853298721994383280e-01 5.831981872576605941e-01 5.568687531298205373e-01 5.549862281273725273e-01 5.845239464283515929e-01 5.582021063424916774e-01 5.563201243055259093e-01 5.747434603662949781e-01 5.634484880276937613e-01 5.626409101767556598e-01 5.404320423814067409e-01 5.347929004409156528e-01 5.343897081184455500e-01 5.438001129057978833e-01 5.347352656672763604e-01 5.340871392591267641e-01 5.623385893030975469e-01 5.621097420013946300e-01 5.620933796760553269e-01 5.310707654674087230e-01 5.309629939013547073e-01 5.309552883552854929e-01 5.324873811730795881e-01 5.323062131893150362e-01 5.322932598817192718e-01
1.753532010951112747e+09 6.293098218270197775e-01 6.005382974269659613e-01 5.953441604260673037e-01 6.037064755174879060e-01 5.749222615090375799e-01 5.697258336470923945e-01 6.018632567059106764e-01 5.730877046881569514e-01 5.678928405795170553e-01 5.903413921953810650e-01 5.774868535082571253e-01 5.751662175177585379e-01 5.605499778333132843e-01 5.542825419619584748e-01 5.531510787795592687e-01 5.608997896454264165e-01 5.506245518327721467e-01 5.487695582574008135e-01 5.846688644395394707e-01 5.844076492912226861e-01 5.843604919961068456e-01 5.582725071720272547e-01 5.581524540002337220e-01 5.581307807439606083e-01 5.564383829757000299e-01 5.562323685662886597e-01 5.561951766868538094e-01
1.753532010951139688e+09 6.425962539481751001e-01 6.153249659875698052e-01 6.122840563088732813e-01 6.145843712149913207e-01 5.873006531566211663e-01 5.842583574486085451e-01 6.095125836433390454e-01 5.822374234905357548e-01 5.791960820395389842e-01 6.099828101057962471e-01 5.973129607949202446e-01 5.959001977654394544e-01 5.781286945869319460e-01 5.720947626359274008e-01 5.714219435854699380e-01 5.749762353314187280e-01 5.648873022160283419e-01 5.637623265858846544e-01 6.019909204167398498e-01 6.017327366148754741e-01 6.017039475960690442e-01 5.731491613331426427e-01 5.730333332981534245e-01 5.730204177881426109e-01 5.679981211091735815e-01 5.677952274774651364e-01 5.677726036391887998e-01
1.753532010951166391e+09 6.562621141806592728e-01 6.246090387033682578e-01 6.288791089486724939e-01 6.296956703495069085e-01 5.980277043565193074e-01 6.022997833654920585e-01 6.267196943357393746e-01 5.950620686619108035e-01 5.993327527388428999e-01 6.212837093998052618e-01 6.060030798638933458e-01 6.080644707564664131e-01 5.906226808569920994e-01 5.835188351106734839e-01 5.844771596933936442e-01 5.897955953218161351e-01 5.776730525920085180e-01 5.793084105541477236e-01 6.096492275687659390e-01 6.093370043602802655e-01 6.093791239651635827e-01 5.823012152983251255e-01 5.821645839265775502e-01 5.821830158023519886e-01 5.793074517415165436e-01 5.790629496584288605e-01 5.790959335329549651e-01
1.753532010951192856e+09 6.702602053962840589e-01 6.412631668581059152e-01 6.390795445560383259e-01 6.394030297075271596e-01 6.103919252042762089e-01 6.082072436645561408e-01 6.435578848949067288e-01 6.145566303208207515e-01 6.123726905301233314e-01 6.368325812526896001e-01 6.222972257010862540e-01 6.212026405933975814e-01 6.015054871890903598e-01 5.949131325027400274e-01 5.944166951614818784e-01 6.081246030460595309e-01 5.966351188272732697e-01 5.957699030933850670e-01 6.268656634542976169e-01 6.265679013349231274e-01 6.265454783552895091e-01 5.951290074697661581e-01 5.950019913189945608e-01 5.949924263663811663e-01 5.994502435125356188e-01 5.992178595039665545e-01 5.992003598236772532e-01
1.753532010951219797e+09 6.849635074959578018e-01 6.537196897391031047e-01 6.538930150872334091e-01 6.566825430328971924e-01 6.254230914268567032e-01 6.255965035039000588e-01 6.545387202023033035e-01 6.232903091115757910e-01 6.234636599412652913e-01 6.471732682110817869e-01 6.309070794042606067e-01 6.309973162267781266e-01 6.140507012643346973e-01 6.068586042531096680e-01 6.068985024732298506e-01 6.145551134825165684e-01 6.017435138737112776e-01 6.018145863328960843e-01 6.437172079653040724e-01 6.433831415645456797e-01 6.433849948007813735e-01 6.146271457005076932e-01 6.144883408860145613e-01 6.144891109069186008e-01 6.125011023413978739e-01 6.122412595117341372e-01 6.122427009920698993e-01
1.753532010951246500e+09 6.982810902295505384e-01 6.670568785316495219e-01 6.672012545857328725e-01 6.677897444528956283e-01 6.365494275186976969e-01 6.366938780409689969e-01 6.679471151832621079e-01 6.367182666036717009e-01 6.368626640979978548e-01 6.640051743618654578e-01 6.471344909751699515e-01 6.472124984752671839e-01 6.288192804506870237e-01 6.215505507900312976e-01 6.215841603016742933e-01 6.315652708448918906e-01 6.183235329421605808e-01 6.183847607446780748e-01 6.546892221910737275e-01 6.543418947718325773e-01 6.543435007615289178e-01 6.233558783365749090e-01 6.232153821015148365e-01 6.232160317349539902e-01 6.235847015194626586e-01 6.233154189751056728e-01 6.233166640970502215e-01
1.753532010951273203e+09 7.127481428542395969e-01 6.825341118629500992e-01 6.779850986230925303e-01 6.822610595478713069e-01 6.520309751611963467e-01 6.474795449281155468e-01 6.823894337945498600e-01 6.521708751752155475e-01 6.476211802573677012e-01 6.760296424498508649e-01 6.590948129661182708e-01 6.565451113536971972e-01 6.402496790824907524e-01 6.331438411438531366e-01 6.320739888334326873e-01 6.433616589993518264e-01 6.301142666994244967e-01 6.281197442544276255e-01 6.681168953138737487e-01 6.677674218945385265e-01 6.677148053068349132e-01 6.367898117092178900e-01 6.366522749320218111e-01 6.366315674461318075e-01 6.369982634524748999e-01 6.367281687922901057e-01 6.366875034409654743e-01
1.753532010951299906e+09 7.291166849013287488e-01 6.939867659290159807e-01 6.950591953425953040e-01 6.996037879425134332e-01 6.644546476159847170e-01 6.655276638098992503e-01 6.951417170084772668e-01 6.600064899706904464e-01 6.610790814263612925e-01 6.919057102317448527e-01 6.714890171925171902e-01 6.721122882612761140e-01 6.562077987553095459e-01 6.478676831624422539e-01 6.481222862340146884e-01 6.552622988046579167e-01 6.393431572129684159e-01 6.398291291759358179e-01 6.825886479779258442e-01 6.821663544123895973e-01 6.821792459889742810e-01 6.522517381631437461e-01 6.520901069118076876e-01 6.520950411135695290e-01 6.477799044202738887e-01 6.474545208020771048e-01 6.474644539580040048e-01
1.753532010951326609e+09 7.434410704777770773e-01 7.090075828763400256e-01 7.101581856287663141e-01 7.091044609388329478e-01 6.746515798457566326e-01 6.758028306360790438e-01 7.101400858411900385e-01 6.757013565863896343e-01 6.768521344898449366e-01 7.083875166025974668e-01 6.876460705813314256e-01 6.883391506770104584e-01 6.682203569345394056e-01 6.599797007699454987e-01 6.602550641538271758e-01 6.725964563801510865e-01 6.564753133214344949e-01 6.570140049518123915e-01 6.953235385660959667e-01 6.948935718987614418e-01 6.949079393319013143e-01 6.600795112089195005e-01 6.599196349037107501e-01 6.599249772064990083e-01 6.612235572086458957e-01 6.608932395369836454e-01 6.609042771764638280e-01
1.753532010951353312e+09 7.564128897141353391e-01 7.281228664889020097e-01 7.269943605286227628e-01 7.227419453236496594e-01 6.944355352273339221e-01 6.933063755849583343e-01 7.238547964417587632e-01 6.955604408712980913e-01 6.944317620911745204e-01 7.173569909447712334e-01 6.997027430754123589e-01 6.989985045604348857e-01 6.781106928617053331e-01 6.712942338633736128e-01 6.710223212337383947e-01 6.824340395404310256e-01 6.687545034640169916e-01 6.682088185816406067e-01 7.103112550356202037e-01 7.099444935155944103e-01 7.099298631790246228e-01 6.757684868276789825e-01 6.756361202684739720e-01 6.756308400871954278e-01 6.769879576809602062e-01 6.767070017665123283e-01 6.766957942669106219e-01
1.753532010951380014e+09 7.690414063709565262e-01 7.424584340241251468e-01 7.445652177604272781e-01 7.413720226388862411e-01 7.147732238975323948e-01 7.168812619251211382e-01 7.402534325927707659e-01 7.136663738886984687e-01 7.157734814815981395e-01 7.310396868135665693e-01 7.138611728200464634e-01 7.152226238054063545e-01 6.977739206799212779e-01 6.913344770408276219e-01 6.918448230981711911e-01 6.999340944110460372e-01 6.866627323889941126e-01 6.877145293551814031e-01 7.240272381860628492e-01 7.236696094449612815e-01 7.236979526417097741e-01 6.956252170439883864e-01 6.955000811605259736e-01 6.955099985708391719e-01 6.945678178488158272e-01 6.942946149055571059e-01 6.943162670936592340e-01
1.753532010951406479e+09 7.809699567294049460e-01 7.509625918232545327e-01 7.524768490749704775e-01 7.549615581590760627e-01 7.249358456506813653e-01 7.264510287747568684e-01 7.570118879202829554e-01 7.269999019397013207e-01 7.285143923840180502e-01 7.494823051864355490e-01 7.294167433164031600e-01 7.304293088204546480e-01 7.179388851345810396e-01 7.106425812106319517e-01 7.110107735248227812e-01 7.233010260740637687e-01 7.078433644904147393e-01 7.086234021985179377e-01 7.404223023088573052e-01 7.400037232602073578e-01 7.400248459533134149e-01 7.137278120786224589e-01 7.135859525146618365e-01 7.135931111530202653e-01 7.159055421604380021e-01 7.155866221146979234e-01 7.156027157301649844e-01
1.753532010951432705e+09 7.958905837293405172e-01 7.657417290816184163e-01 7.715568035083504306e-01 7.665178770268716857e-01 7.363501039581565877e-01 7.421688273469270181e-01 7.679866448290253444e-01 7.378331402811034723e-01 7.436491115749322978e-01 7.654309799685217186e-01 7.445854625124559423e-01 7.486061205735050628e-01 7.288735884234160967e-01 7.215205259727019982e-01 7.229387757176733986e-01 7.346974509189525548e-01 7.186824308607769884e-01 7.217713884570793326e-01 7.572304038357716705e-01 7.567947044976233162e-01 7.568787416562025028e-01 7.270764235137647802e-01 7.269334006268730608e-01 7.269609867073965059e-01 7.286845029361128656e-01 7.283533712358143397e-01 7.284172395155478208e-01
1.753532010951459169e+09 8.070618632919381863e-01 7.800931112820660429e-01 7.845659366473378693e-01 7.775376870941714813e-01 7.505515755521974253e-01 7.550272800331022660e-01 7.832251083024838190e-01 7.562521977080948199e-01 7.607257127835282962e-01 7.746620861385736800e-01 7.553838587372516677e-01 7.585811941010291992e-01 7.393803280772448527e-01 7.327943289186175102e-01 7.338866310051798125e-01 7.485679301033442146e-01 7.337959818699069103e-01 7.362459411683132116e-01 7.681568781908526544e-01 7.677531633189748073e-01 7.678201202963911287e-01 7.378920247894983353e-01 7.377638987020436190e-01 7.377851486884616783e-01 7.437812942977899411e-01 7.434752168372179559e-01 7.435259804405497386e-01
1.753532010951513529e+09 8.252380975071168523e-01 7.889722479701557489e-01 7.909201410041216684e-01 7.988568713855631609e-01 7.625659996373013172e-01 7.645152366516705378e-01 8.032167398121207169e-01 7.669452053518978074e-01 7.688934037315970915e-01 7.915987776060349201e-01 7.638951518110577155e-01 7.653831549983712845e-01 7.552922821512056961e-01 7.464347218541145246e-01 7.469104746689784191e-01 7.659053425295613282e-01 7.447838101132654431e-01 7.459182792181036081e-01 7.835198668807306088e-01 7.829375551106640962e-01 7.829688319469988445e-01 7.563439358194052886e-01 7.561716145349035578e-01 7.561808701688944589e-01 7.609511765894541035e-01 7.605117311599254304e-01 7.605353344313754427e-01
1.753532010951553583e+09 8.433033784174531755e-01 8.091097868268229965e-01 8.106782308516746749e-01 8.077773163902060016e-01 7.735590679161137295e-01 7.751286429406568645e-01 8.096649892284695227e-01 7.754659972726685169e-01 7.770346890097401538e-01 8.135446932006277221e-01 7.861637467801243506e-01 7.874196979630877502e-01 7.673614791786635969e-01 7.590173415194980677e-01 7.594000832042775428e-01 7.759307364074824465e-01 7.551257554530041993e-01 7.560800701812103730e-01 8.035257285122766602e-01 8.029487014583354121e-01 8.029751694189336542e-01 7.670383342984594677e-01 7.668760210540773725e-01 7.668834662865452456e-01 7.691309526549838793e-01 7.686968435278759282e-01 7.687167559101345526e-01
1.753532010951582193e+09 8.525566130143410470e-01 8.269982410454190802e-01 8.303507259127815843e-01 8.190345277553678915e-01 7.934572675642362904e-01 7.968122299946927001e-01 8.205589517616977968e-01 7.949965543737852469e-01 7.983495672542882948e-01 8.156432477217372412e-01 7.944915602906773566e-01 7.972660215168476672e-01 7.761712472550381658e-01 7.699519180553346942e-01 7.707677058157016425e-01 7.813350329508403913e-01 7.652997307756623790e-01 7.674030771058292233e-01 8.098306944909914318e-01 8.093841383828688230e-01 8.094427130290446915e-01 7.755167943437843991e-01 7.753958623982069032e-01 7.754117250094100244e-01 7.771639838107892162e-01 7.768287267441018606e-01 7.768727023245540764e-01
1.753532010951609135e+09 8.706465340897798777e-01 8.347526633960055120e-01 8.397350159639030975e-01 8.455974962299668274e-01 8.096765311674216647e-01 8.146626446475644379e-01 8.488691935808930777e-01 8.129697088229383972e-01 8.179528406672568197e-01 8.346352995376286055e-01 8.040071838210148814e-01 8.082586080347038404e-01 7.981136473896282002e-01 7.894211852503899562e-01 7.906277676061985726e-01 8.087730895562724731e-01 7.856007130852050713e-01 7.888172218423655790e-01 8.208884927226622885e-01 8.202407947878884720e-01 8.203307003736102221e-01 7.950869554533017691e-01 7.949180526042824990e-01 7.949414976529014520e-01 7.985996492954063886e-01 7.981142797769715802e-01 7.981816528972234259e-01
1.753532010951635599e+09 8.867283182356683335e-01 8.569313829251397063e-01 8.564508904428577152e-01 8.515191841182414567e-01 8.216992821428512617e-01 8.212184193100720009e-01 8.563935224843006733e-01 8.265919591148523926e-01 8.261113920024953927e-01 8.599612717747903146e-01 8.337695104386725342e-01 8.333471534315315399e-01 8.139282629549305925e-01 8.067542935177722807e-01 8.066386091916242229e-01 8.257255399771914472e-01 8.059472721747098500e-01 8.056283363884414461e-01 8.491730927741040214e-01 8.486183252805008514e-01 8.486093793400102392e-01 8.130523317287213780e-01 8.129130547298722975e-01 8.129108088092699136e-01 8.181845221811843150e-01 8.177695092223040696e-01 8.177628169029526051e-01
1.753532010951662540e+09 8.985793280671998673e-01 8.712527566259526957e-01 8.696959677825156776e-01 8.693474909245800797e-01 8.419994177613142616e-01 8.404414039694410032e-01 8.688583989825071630e-01 8.415276231121644468e-01 8.399705947433144804e-01 8.624506024522561320e-01 8.377028366812312443e-01 8.362929618370650298e-01 8.248510803499707889e-01 8.183239671459472397e-01 8.179521189235048340e-01 8.296937611422665615e-01 8.110401212840927521e-01 8.099774274703761545e-01 8.566250540537253544e-01 8.561000359775572388e-01 8.560701258117195955e-01 8.266530744916138485e-01 8.265265070547707094e-01 8.265192965353668209e-01 8.262890801207704028e-01 8.258969709596221120e-01 8.258746325858236093e-01
1.753532010951692104e+09 9.106879272952572713e-01 8.817894625084752303e-01 8.829602916345730135e-01 8.838798643665716215e-01 8.549581092931781701e-01 8.561298820315447200e-01 8.823313375944001891e-01 8.534284748624006989e-01 8.545994821724398616e-01 8.808655912434087965e-01 8.538358938002601484e-01 8.549310093113972053e-01 8.451618474310501616e-01 8.383321582939524674e-01 8.386088649987171184e-01 8.493384506750637497e-01 8.290033993040908378e-01 8.298272794168060074e-01 8.691027296797185775e-01 8.685283205993948874e-01 8.685515929388253342e-01 8.415887800332388924e-01 8.414565609144529779e-01 8.414619178078535100e-01 8.401574483667844095e-01 8.397291809428308884e-01 8.397465323134806203e-01
1.753532010951720476e+09 9.234773468761038329e-01 8.912589633399962130e-01 8.940218140266339431e-01 8.951163007374416392e-01 8.628713800801735001e-01 8.656365064273309207e-01 8.962483967806637031e-01 8.640251726490835171e-01 8.667884384354580529e-01 8.964193168073253393e-01 8.653510869013493201e-01 8.680153074769144661e-01 8.582617474603666530e-01 8.507392009096552687e-01 8.513842882983383431e-01 8.657586019527404586e-01 8.424251298900625740e-01 8.444260651398948214e-01 8.825978207286458987e-01 8.819365289519631723e-01 8.819932372730752146e-01 8.534923042119045844e-01 8.533469488051008689e-01 8.533594135920149482e-01 8.548021195361162894e-01 8.543098243744445819e-01 8.543520405838309628e-01
1.753532010951747656e+09 9.388797859672826096e-01 9.070630654734447296e-01 9.076311938139259849e-01 9.072475528482980556e-01 8.754041060407238284e-01 8.759727116138058545e-01 9.099437894591854148e-01 8.781223554533070796e-01 8.786905679595895524e-01 9.106350232971005543e-01 8.790570668266015630e-01 8.796209317292978946e-01 8.667718376005785208e-01 8.594413201447337336e-01 8.595722159332503942e-01 8.774907272745969822e-01 8.538108804580982758e-01 8.542337144858012099e-01 8.965788194179258319e-01 8.959056646121452694e-01 8.959176846543356332e-01 8.641004668590934745e-01 8.639591250595940464e-01 8.639616488986555654e-01 8.670384642353651250e-01 8.665380209318352955e-01 8.665469569886986578e-01
1.753532010951774359e+09 9.522534936849597065e-01 9.196428778281268146e-01 9.213265892035774618e-01 9.210063955516351042e-01 8.883678750164767379e-01 8.900530271321001052e-01 9.215458183862343944e-01 8.889304485131971356e-01 8.906144053421894968e-01 9.211317771929378173e-01 8.878487922661290055e-01 8.895672185778625840e-01 8.787878477722299575e-01 8.713875296797699566e-01 8.717696138393862260e-01 8.866110979064981690e-01 8.616878785651408412e-01 8.629746836994603987e-01 9.102397992357906809e-01 9.095292663481694406e-01 9.095659517119408788e-01 8.781875458140527835e-01 8.780452149361384073e-01 8.780525635896957448e-01 8.789152647958223818e-01 8.783876894320606921e-01 8.784149285570521659e-01
1.753532010951801300e+09 9.688826052043882919e-01 9.397684933098864324e-01 9.360015333830740136e-01 9.368503655915441097e-01 9.077108791571316670e-01 9.039406361188387917e-01 9.384847529666284771e-01 9.093664729133172919e-01 9.055989736849021643e-01 9.387034986315501151e-01 9.081508199016494753e-01 9.041977294948613242e-01 8.924344981239199504e-01 8.859427182918351296e-01 8.851027725442276450e-01 9.035216678214603725e-01 8.806732338552130113e-01 8.777169652438552294e-01 9.219237624343699089e-01 9.212705773947600374e-01 9.211860643628008161e-01 8.890085766544743029e-01 8.888840914127135173e-01 8.888679847590436056e-01 8.908994598497216311e-01 8.904150252353562056e-01 8.903523461542944828e-01
1.753532010951828480e+09 9.835107934724044432e-01 9.523417776102869325e-01 9.546893020461597601e-01 9.549113698918462179e-01 9.237146892646160845e-01 9.260642972989060473e-01 9.511828728790794329e-01 9.200094881881246689e-01 9.223573416665472591e-01 9.528617140732261737e-01 9.192343608879370853e-01 9.217670373659305749e-01 9.112318075497999326e-01 9.044216509632427847e-01 9.049345644626546337e-01 9.161771531289472081e-01 8.910602446378262931e-01 8.929519487807263678e-01 9.388271172582520752e-01 9.381071733550209180e-01 9.381613966231783230e-01 9.094338500089408361e-01 9.093037230275240468e-01 9.093135236664018350e-01 9.058583045890685748e-01 9.053249238364127205e-01 9.053650959212813376e-01
1.753532010951855421e+09 9.983433131389201076e-01 9.687677033604774612e-01 9.665703345977404437e-01 9.677151639740447786e-01 9.381128434866101706e-01 9.359134902076446938e-01 9.700044126581091053e-01 9.404247565842848156e-01 9.382270871953513058e-01 9.716019985270595294e-01 9.388188519078037864e-01 9.363831738993020348e-01 9.272272986197170885e-01 9.209153006037980038e-01 9.204463402890473711e-01 9.387325184686436952e-01 9.142729312039304945e-01 9.124556657812544769e-01 9.515402820470645340e-01 9.508374380006198168e-01 9.507852190416768989e-01 9.200764995748730302e-01 9.199564028336796317e-01 9.199474800479929826e-01 9.226262528197612944e-01 9.221060229979340939e-01 9.220673716643355000e-01
1.753532010951882124e+09 1.014540375604184197e+00 9.854656456469491621e-01 9.831936016887580232e-01 9.854757904399683577e-01 9.563743609386261557e-01 9.541002305453085697e-01 9.832891821667053556e-01 9.542105795250961364e-01 9.519382329360930317e-01 9.863944402024105162e-01 9.533024091123356580e-01 9.507164332696342868e-01 9.418130034210320245e-01 9.357666735094587462e-01 9.352941832278628409e-01 9.500987495074049161e-01 9.254331587457235164e-01 9.235056668464789453e-01 9.704049864111159440e-01 9.696945603529529834e-01 9.696390441285351880e-01 9.404949956109207587e-01 9.403805122352509871e-01 9.403715659350657674e-01 9.385287167024265464e-01 9.380033095482689376e-01 9.379622516209227268e-01
1.753532010951909542e+09 1.031612663804779562e+00 9.997147604810531218e-01 9.979888005019110775e-01 1.003037981461193384e+00 9.711102831731164287e-01 9.693827110216780563e-01 1.000775937534795768e+00 9.688739145976372757e-01 9.671477317108062577e-01 1.005682352682939706e+00 9.683916804002249412e-01 9.663739237062483056e-01 9.601474001173734285e-01 9.537120189087994193e-01 9.533638076077682877e-01 9.694085086532300277e-01 9.416383492119264620e-01 9.401357368513694190e-01 9.837231113285680451e-01 9.829214557811721820e-01 9.828780790934374956e-01 9.542817917052071053e-01 9.541606623136622556e-01 9.541541081373584587e-01 9.522642606783603414e-01 9.516718158996486654e-01 9.516397593733143534e-01
1.753532010951936483e+09 1.048475825466178790e+00 1.014584915664222597e+00 1.017557058776693335e+00 1.017114008812461057e+00 9.831909299624472798e-01 9.861658942153117557e-01 1.015389319984431715e+00 9.814941785745938674e-01 9.844666927878789053e-01 1.023545095931123639e+00 9.828832021588490564e-01 9.864491426491308612e-01 9.747590499863286739e-01 9.681469679162046926e-01 9.687268300178316638e-01 9.849182489712968724e-01 9.546609479061507475e-01 9.573144331471263868e-01 1.001216920779352426e+00 1.000341640168926238e+00 1.000418399962421212e+00 9.689424422068297904e-01 9.688188381800661997e-01 9.688296779261504899e-01 9.674790992504396225e-01 9.668326371419648790e-01 9.668893301583046940e-01
1.753532010951963425e+09 1.062860950980031749e+00 1.033121385503204870e+00 1.034089208504768376e+00 1.029527414370889904e+00 9.997591843336399720e-01 1.000727940174014785e+00 1.032433238049724755e+00 1.002690097771171684e+00 1.003658037108508205e+00 1.035116970650567181e+00 9.985124114697395692e-01 9.997036438824963289e-01 9.862722227656522955e-01 9.806889559548880309e-01 9.808706537691191940e-01 9.997825676402257722e-01 9.725616947380998356e-01 9.734475512223796922e-01 1.015776901489517048e+00 1.014987937742501067e+00 1.015013613210502097e+00 9.815517360703275296e-01 9.814482252741736357e-01 9.814515938549790430e-01 9.847574768988305305e-01 9.841750402671520792e-01 9.841939946654444382e-01
1.753532010951990366e+09 1.075700328926409766e+00 1.046937874153603287e+00 1.048226457748891338e+00 1.046450635382335292e+00 1.017660049212722795e+00 1.018949893119647232e+00 1.047382884343367238e+00 1.018617118546779832e+00 1.019905850478882936e+00 1.046005848561976537e+00 1.009701308185487534e+00 1.011327783934276692e+00 1.002405624392359584e+00 9.972356159291201338e-01 9.974672369136936556e-01 1.013199729436681018e+00 9.862158140057661893e-01 9.874247174542226668e-01 1.032788386040651707e+00 1.032004891969818594e+00 1.032039993202124917e+00 1.002739056199256629e+00 1.002644152532419453e+00 1.002648404301233365e+00 1.003924696594149069e+00 1.003346499256949631e+00 1.003372403012711800e+00
1.753532010952017069e+09 1.093809849966117520e+00 1.062676577052912075e+00 1.056198629939237410e+00 1.065523360548893184e+00 1.034359209483185937e+00 1.027874837505686978e+00 1.066767168338777383e+00 1.035630479942014404e+00 1.029151822163517860e+00 1.070149131685415700e+00 1.029873165329101559e+00 1.021492884183084593e+00 1.021090633398117120e+00 1.015758527286094948e+00 1.014649067914622060e+00 1.036769218794806990e+00 1.006845525035075850e+00 1.000619256882615993e+00 1.047894478464771240e+00 1.047024195796829593e+00 1.046843114767777916e+00 1.018679782712355042e+00 1.018583045318888880e+00 1.018562917023333902e+00 1.020287626131630709e+00 1.019645535110854651e+00 1.019511934262452124e+00
1.753532010952044010e+09 1.107755793065862582e+00 1.077852007610234919e+00 1.077682963922255155e+00 1.077123771386112372e+00 1.047189904198512433e+00 1.047020690460927161e+00 1.070713671724539351e+00 1.040806774182260419e+00 1.040637712901905543e+00 1.084309877800640809e+00 1.044664205687608094e+00 1.044440091899861311e+00 1.036978034022079997e+00 1.032123752578889553e+00 1.032096311717301429e+00 1.042166101087627528e+00 1.012720729809415632e+00 1.012554277499817967e+00 1.067173120514585127e+00 1.066315397335044546e+00 1.066310548695070359e+00 1.035677919569366390e+00 1.035591071129394525e+00 1.035590580182166098e+00 1.029458311611285426e+00 1.028825600281103592e+00 1.028822023614970993e+00
1.753532010952070713e+09 1.122323730004297637e+00 1.091061428240993836e+00 1.092554439286008261e+00 1.092899514874498657e+00 1.061605353991434741e+00 1.063099886550061379e+00 1.092708963196745930e+00 1.061443597081955570e+00 1.062936754472899814e+00 1.097198664042228655e+00 1.054749053833084593e+00 1.056776343358298176e+00 1.049756087271345173e+00 1.044983780348476055e+00 1.045211694051055851e+00 1.062169518326002260e+00 1.030647311609871997e+00 1.032152735079542749e+00 1.071148019649579286e+00 1.070228526853795437e+00 1.070272439580066015e+00 1.040852555788309930e+00 1.040768639155907449e+00 1.040772646808958202e+00 1.040963072626605035e+00 1.040284808312494258e+00 1.040317200556676314e+00
1.753532010952097654e+09 1.134972068489188413e+00 1.105776405184243361e+00 1.106218253411377139e+00 1.104202031735986855e+00 1.074976234110148088e+00 1.075418538391186951e+00 1.105652203145038648e+00 1.076453865064795901e+00 1.076895753772076025e+00 1.110800405875499219e+00 1.070203234075969290e+00 1.070817633146095016e+00 1.063762434767999698e+00 1.059608862693207199e+00 1.059671723003601684e+00 1.076620949924572690e+00 1.046476407594838287e+00 1.046932616191540655e+00 1.093096673193230339e+00 1.092216252094612150e+00 1.092229576419444070e+00 1.061481550393370998e+00 1.061410083718122177e+00 1.061411165297376780e+00 1.063227466724228520e+00 1.062577962138741450e+00 1.062587791764690204e+00
1.753532010952124119e+09 1.152776228095704347e+00 1.121300192324162115e+00 1.118157611875053359e+00 1.124044728981066887e+00 1.092535822580539051e+00 1.089389960314217198e+00 1.124453283089581257e+00 1.092974572349737716e+00 1.089831724830685911e+00 1.129837231805060460e+00 1.085049724281467176e+00 1.080578120978893608e+00 1.077653008870983919e+00 1.073514594683172119e+00 1.073101413696490036e+00 1.094681992188472286e+00 1.061424859009823196e+00 1.058104453057841399e+00 1.106208285837600336e+00 1.105235862693818794e+00 1.105138775564356468e+00 1.076499607983551821e+00 1.076430297773051326e+00 1.076423377812925963e+00 1.077310744100584028e+00 1.076593227752717041e+00 1.076521590623343849e+00
1.753532010952150822e+09 1.168619437913145820e+00 1.138553339581474866e+00 1.138043357320557725e+00 1.137632605978291078e+00 1.107534739882360064e+00 1.107024218775462199e+00 1.134505954798544769e+00 1.104437510929647814e+00 1.103927488883642560e+00 1.147440321556534748e+00 1.103667132157221342e+00 1.102924649715663730e+00 1.094798373113814671e+00 1.091188965911701114e+00 1.091127743014562945e+00 1.107062082060474184e+00 1.074554096422703386e+00 1.074002694779878864e+00 1.124961320571106649e+00 1.124009822110915380e+00 1.123993682759189872e+00 1.093012382667341909e+00 1.092954017071998241e+00 1.092953027072632644e+00 1.090212870664020839e+00 1.089510593510074177e+00 1.089498681459271534e+00
1.753532010952177763e+09 1.181322140690777456e+00 1.153366245755636399e+00 1.153522460238406655e+00 1.151719659625856096e+00 1.123733897223274436e+00 1.123890278602185377e+00 1.151193373195300795e+00 1.123235506141486928e+00 1.123391731644240332e+00 1.156876950176075391e+00 1.115239673275839172e+00 1.115472337824408244e+00 1.109249068657812698e+00 1.106238397211483093e+00 1.106255220514184456e+00 1.121568881150239561e+00 1.090638461367039014e+00 1.090811297169273386e+00 1.134924219084055386e+00 1.134018110817142322e+00 1.134023174051017602e+00 1.104465329209431301e+00 1.104418949775187730e+00 1.104419208938392627e+00 1.104241469202924320e+00 1.103572395718190879e+00 1.103576134427632693e+00
1.753532010952204466e+09 1.193825734806437167e+00 1.165794584333991413e+00 1.165825412551089402e+00 1.166301482465859296e+00 1.138240075085321434e+00 1.138270936578489767e+00 1.166432852323440628e+00 1.138399942965882428e+00 1.138430773117374617e+00 1.171073236236871429e+00 1.128386511817248472e+00 1.128433458003381684e+00 1.125243007303001086e+00 1.122586632076070234e+00 1.122589553515640493e+00 1.138495727989484507e+00 1.106773162091091445e+00 1.106808050068642801e+00 1.151614474009588385e+00 1.150684486461293510e+00 1.150685509246928584e+00 1.123258825208428124e+00 1.123220608598682890e+00 1.123220650628707462e+00 1.123707426588518743e+00 1.123020335752672461e+00 1.123021091404334815e+00
1.753532010952232599e+09 1.209613083892192353e+00 1.177294737361268995e+00 1.177360139561317132e+00 1.182017635776787978e+00 1.149664016641880337e+00 1.149729490222619388e+00 1.182021110788777696e+00 1.149701010233088239e+00 1.149766415982732548e+00 1.191227727709720075e+00 1.140864363683956606e+00 1.140966283341447562e+00 1.139838340291138286e+00 1.137235819287220284e+00 1.137241085973718757e+00 1.157030244606195524e+00 1.119583605260458636e+00 1.119659385517201455e+00 1.166975949501371179e+00 1.165877438172748137e+00 1.165879661215242002e+00 1.138422612320859617e+00 1.138389085700184600e+00 1.138389153547552768e+00 1.138836936385857257e+00 1.138024781277386266e+00 1.138026424824676752e+00
1.753532010952259779e+09 1.225618544729984993e+00 1.193614521727629940e+00 1.196919509748246790e+00 1.193785077161644059e+00 1.161745776188599866e+00 1.165054407290916583e+00 1.193822509938928356e+00 1.161817018981781802e+00 1.165122158594996904e+00 1.207884271479283678e+00 1.156903566393838956e+00 1.162168236387908005e+00 1.151094277478069028e+00 1.148975795397571664e+00 1.149194566578226606e+00 1.169231924945107082e+00 1.131304267160064159e+00 1.135220976463153786e+00 1.182585382125197038e+00 1.181472169889568491e+00 1.181587128971521627e+00 1.149719606570584363e+00 1.149696921761629964e+00 1.149699264374052010e+00 1.150189252414929753e+00 1.149365614607564590e+00 1.149450669948465675e+00
1.753532010952286482e+09 1.237107518012469098e+00 1.208191932133894086e+00 1.206955555101287381e+00 1.205574485947839447e+00 1.176626748795438271e+00 1.175388997033759875e+00 1.208816047712951480e+00 1.179899385246225840e+00 1.178662962180698770e+00 1.212853628076911328e+00 1.165805631329903669e+00 1.163793945906947958e+00 1.162701421044050720e+00 1.161219174705019563e+00 1.161155796589910860e+00 1.179458079436286777e+00 1.144430758719564345e+00 1.142933055196289294e+00 1.194238791222227203e+00 1.193210348884535810e+00 1.193166374590152845e+00 1.161828398943300922e+00 1.161817813452891812e+00 1.161817360836877810e+00 1.165434660449907955e+00 1.164673062687578975e+00 1.164640498174261296e+00
1.753532010952313185e+09 1.253235067720021023e+00 1.222365914604285120e+00 1.219069271886598971e+00 1.224753654700200034e+00 1.193849892583390471e+00 1.190549553829375551e+00 1.223505207262521433e+00 1.192635180399191031e+00 1.189338444370436898e+00 1.232722466198126865e+00 1.181433680686490684e+00 1.175956342172473912e+00 1.177538205606932120e+00 1.176433289664726711e+00 1.176315291186411871e+00 1.195868681020996194e+00 1.157653680588225376e+00 1.153572544885838935e+00 1.209409549214915947e+00 1.208287213490704781e+00 1.208167354682847305e+00 1.179906029351275532e+00 1.179905699897745963e+00 1.179905664714060443e+00 1.179108112449432477e+00 1.178276185081481131e+00 1.178187340166011010e+00
1.753532010952339649e+09 1.266706499244817596e+00 1.238291800412600008e+00 1.239725313110828120e+00 1.236288854064137688e+00 1.207842048789496525e+00 1.209277181247736310e+00 1.233007843688833871e+00 1.204592600865100893e+00 1.206026141007531471e+00 1.247978164607539853e+00 1.199791842175750523e+00 1.202222827121069315e+00 1.194471308752915295e+00 1.193907113584675050e+00 1.193935577055033281e+00 1.208168030831066275e+00 1.172233180145958009e+00 1.174046082160869808e+00 1.224013390171509785e+00 1.222957846197787912e+00 1.223011098062212199e+00 1.192637283201835041e+00 1.192647397875582271e+00 1.192646887593444838e+00 1.189721768165795668e+00 1.188938536758938458e+00 1.188978050539253761e+00
1.753532010952366590e+09 1.282356774015983580e+00 1.250904559561308638e+00 1.248802141296324164e+00 1.254364160740036649e+00 1.222876151426820268e+00 1.220771340460218513e+00 1.255753372041209515e+00 1.224300861758927494e+00 1.222198423719393690e+00 1.263740742444645848e+00 1.209301428885984242e+00 1.205662441643165828e+00 1.208212688267621182e+00 1.208127655857313965e+00 1.208121971879392298e+00 1.229977902655100985e+00 1.189336653556836598e+00 1.186619995734885302e+00 1.233609227707999301e+00 1.232415464249391190e+00 1.232335667321163397e+00 1.204587180840966054e+00 1.204610801393658503e+00 1.204612380305740693e+00 1.206477169528824778e+00 1.205590283182637723e+00 1.205530999406104975e+00
1.753532010952393293e+09 1.296543361761128610e+00 1.265417539212797093e+00 1.268210693401726985e+00 1.265544362797660360e+00 1.234382873453244711e+00 1.237179228292076383e+00 1.263441385838710795e+00 1.232315578139728807e+00 1.235108730996114623e+00 1.279818464905087660e+00 1.224855126741969835e+00 1.229787400515281126e+00 1.223025124975789746e+00 1.223486463052817053e+00 1.223445063716932513e+00 1.240080675630942375e+00 1.199002553813027117e+00 1.202688802677644775e+00 1.256311533159754301e+00 1.255105044004641179e+00 1.255213311351866201e+00 1.224291470766790235e+00 1.224327424006128817e+00 1.224324197651518897e+00 1.222619586726270580e+00 1.221722099258775396e+00 1.221802637560227556e+00
1.753532010952419758e+09 1.309789766917370590e+00 1.281563478905371811e+00 1.280393803919474660e+00 1.279108296162804859e+00 1.250849475558960977e+00 1.249678452448262922e+00 1.281844325380866012e+00 1.253618336333179428e+00 1.252448673736126450e+00 1.289802931516841111e+00 1.238979157741824766e+00 1.236873060870417040e+00 1.234299303079397170e+00 1.235232950091921245e+00 1.235271639683543921e+00 1.255537747483197908e+00 1.217505432681362576e+00 1.215929403723514435e+00 1.263973833948177417e+00 1.262857095468331359e+00 1.262810818711532557e+00 1.232301596076646577e+00 1.232346095256192209e+00 1.232347939266895454e+00 1.235509587349014282e+00 1.234677674084933008e+00 1.234643200259149864e+00
1.753532010952446461e+09 1.323285031439418891e+00 1.296727768183763674e+00 1.295061770538296519e+00 1.295467088093866348e+00 1.268879048044190716e+00 1.267211119700297317e+00 1.294286328889518556e+00 1.267729626959275491e+00 1.266063664527030674e+00 1.304268048991455764e+00 1.255513721389025283e+00 1.252455251312117657e+00 1.250469824518844364e+00 1.251854685910107179e+00 1.251941561421146654e+00 1.268777287091055861e+00 1.232243856256533210e+00 1.229952030884120528e+00 1.282397095910343454e+00 1.281324759475618746e+00 1.281257489367317204e+00 1.253597342970057760e+00 1.253650914879933076e+00 1.253654275567924747e+00 1.252866194444331560e+00 1.252066133604985199e+00 1.252015943965271605e+00
1.753532010952490091e+09 1.337970547569899527e+00 1.304986281742953835e+00 1.307616287331286653e+00 1.311842670058092075e+00 1.278819594872853793e+00 1.281452694931432656e+00 1.310164007500034034e+00 1.277181033016535849e+00 1.279810935639396963e+00 1.323705434941667036e+00 1.261246042350083973e+00 1.266226251775437683e+00 1.267964761022541520e+00 1.270752378686668349e+00 1.270530107556752775e+00 1.288668602888402459e+00 1.241754072566699563e+00 1.245494809970631334e+00 1.294907304777073831e+00 1.293531342523094763e+00 1.293641055088361025e+00 1.267694814243561785e+00 1.267786053704010429e+00 1.267778778711378562e+00 1.266533236503027737e+00 1.265503916414418395e+00 1.265585989412478352e+00
1.753532010952522993e+09 1.351935485715762830e+00 1.322801759582438397e+00 1.322827815559984410e+00 1.319424554669257788e+00 1.290256274542310067e+00 1.290282361423492397e+00 1.321997031268315137e+00 1.292864843700302524e+00 1.292890898301820579e+00 1.339381536450571231e+00 1.282938715813960240e+00 1.282989195895375412e+00 1.277666977538872928e+00 1.280864621076469589e+00 1.280861761238773822e+00 1.302400187254024955e+00 1.259925252539565887e+00 1.259963240332137469e+00 1.310770623042609051e+00 1.309525729988522125e+00 1.309526843368435056e+00 1.277141487476146642e+00 1.277239124736877507e+00 1.277239037414223954e+00 1.280270244168004501e+00 1.279337034306526677e+00 1.279337868930120026e+00
1.753532010952550411e+09 1.366568823226931295e+00 1.337498455087867688e+00 1.336305996507057392e+00 1.337849064028571178e+00 1.308744081088574873e+00 1.307550202618061430e+00 1.337848224124310148e+00 1.308779727272777693e+00 1.307587345451672212e+00 1.348740612848879694e+00 1.291358151756271333e+00 1.289004338836168051e+00 1.288663229025676316e+00 1.292488739907593498e+00 1.292645661321705219e+00 1.312615527067690691e+00 1.269360916791797411e+00 1.267586624463047151e+00 1.322643607878334349e+00 1.321376754282650889e+00 1.321324788293311681e+00 1.292814764788248638e+00 1.292926926727460124e+00 1.292931527579647799e+00 1.293381360488535359e+00 1.292429928471054534e+00 1.292390900988916291e+00
1.753532010952577829e+09 1.381064469356039881e+00 1.351441567002859223e+00 1.349352965427071727e+00 1.352404872498673694e+00 1.322746576602630952e+00 1.320655479558691336e+00 1.351199233979917702e+00 1.321578591926993118e+00 1.319490149716639138e+00 1.367433021652457059e+00 1.307874078576926502e+00 1.303674797194005919e+00 1.306839802329475830e+00 1.311406924296369292e+00 1.311728935219645509e+00 1.330144763684387055e+00 1.285169492896854004e+00 1.281998452452593584e+00 1.338501337228022114e+00 1.337185162857684073e+00 1.337092364257765453e+00 1.308722520657931598e+00 1.308852360938304926e+00 1.308861515497536043e+00 1.308084113881601507e+00 1.307093706736315752e+00 1.307023876781787664e+00
1.753532010952604771e+09 1.397504338993662998e+00 1.366817475073003552e+00 1.365181136388403216e+00 1.368296900648678927e+00 1.337573274861592054e+00 1.335934975896387433e+00 1.366202490686237336e+00 1.335518335690641045e+00 1.333882141456085524e+00 1.386505531402914215e+00 1.323698987358149282e+00 1.320349906854771049e+00 1.320169449526470196e+00 1.325603621099494145e+00 1.325893391510269526e+00 1.346727503537183512e+00 1.299212174282934340e+00 1.296678478706505322e+00 1.351952878176353234e+00 1.350563632934675962e+00 1.350489553167605994e+00 1.321504184074784538e+00 1.321655046433252156e+00 1.321663090980060407e+00 1.320064139545961579e+00 1.319016634858001691e+00 1.318960777979056864e+00
1.753532010952631235e+09 1.410314222228677528e+00 1.381954640127747158e+00 1.383265486384660958e+00 1.380046372839359492e+00 1.351652757514607561e+00 1.352965176866776975e+00 1.378404010990348372e+00 1.350047273612891230e+00 1.351357988380028186e+00 1.395443434559463070e+00 1.336393196408232731e+00 1.339122636615599493e+00 1.335348807033917229e+00 1.341032137145926395e+00 1.340769440326995188e+00 1.356785985362717106e+00 1.312025628809734057e+00 1.314094557245871986e+00 1.366802873389100892e+00 1.365495525288992429e+00 1.365555953977871217e+00 1.335455006838258019e+00 1.335609833305879013e+00 1.335602676864192873e+00 1.334341533467735541e+00 1.333353694711343573e+00 1.333399354930582259e+00
1.753532010952657938e+09 1.424277038068401335e+00 1.396275378078549290e+00 1.396288308683814705e+00 1.396310748745482888e+00 1.368275452914669899e+00 1.368288399052292492e+00 1.397582438098165181e+00 1.369583935413821951e+00 1.369596864561107186e+00 1.410073878092309441e+00 1.350767054405070278e+00 1.350794441107391775e+00 1.348830620319248386e+00 1.355126482995023585e+00 1.355123575691846050e+00 1.375978920792596538e+00 1.330928953435484452e+00 1.330949756607343826e+00 1.379068754025895016e+00 1.377754534524210817e+00 1.377755141404432004e+00 1.349969128858604650e+00 1.350137960172832718e+00 1.350137882209916373e+00 1.351865643946077666e+00 1.350870334603505363e+00 1.350870794217407855e+00
1.753532010952685595e+09 1.437992670860582578e+00 1.408026326403702511e+00 1.407346959941258691e+00 1.410380598040495093e+00 1.380378228819934661e+00 1.379698045640713744e+00 1.410368533551862980e+00 1.380405964870026869e+00 1.379726684008111937e+00 1.426332156567004628e+00 1.361751876864809141e+00 1.360287778491781285e+00 1.365146866240252610e+00 1.372665627598031124e+00 1.372836085303105635e+00 1.391369180691461649e+00 1.342201124824615510e+00 1.341086436704162166e+00 1.398247622503807408e+00 1.396815215486321815e+00 1.396782741412293749e+00 1.369498795322752427e+00 1.369697712163645109e+00 1.369702221803808850e+00 1.370106529387355998e+00 1.369019025697430614e+00 1.368994370920609827e+00
1.753532010952713013e+09 1.452523190151065569e+00 1.423452385561214228e+00 1.423322353875093871e+00 1.422965248429973073e+00 1.393859486328238528e+00 1.393729298279600126e+00 1.422267191082912774e+00 1.393200436282787003e+00 1.393070422711094380e+00 1.442727744195145601e+00 1.379004818403048116e+00 1.378719790189960381e+00 1.376677034488729356e+00 1.384742314230954952e+00 1.384778389666042164e+00 1.404633838353439801e+00 1.356004847845557082e+00 1.355787333754726820e+00 1.411085970524686095e+00 1.409671290002405764e+00 1.409664962234866259e+00 1.380306780192606553e+00 1.380517781335102834e+00 1.380518725128531354e+00 1.380277983602335334e+00 1.379201222510137992e+00 1.379196406232696015e+00
1.753532010952749491e+09 1.466827415584898153e+00 1.436317417303714761e+00 1.437283505870968758e+00 1.438178028286202004e+00 1.407631242303899910e+00 1.408598495741015366e+00 1.438021998323349093e+00 1.407516815045462666e+00 1.408482751147298817e+00 1.455555588266784772e+00 1.387181792244608136e+00 1.389346824901378952e+00 1.389697407999908929e+00 1.399274166635302574e+00 1.398970921877838558e+00 1.418918070497387385e+00 1.366568971660521159e+00 1.368226587810684514e+00 1.422990593329676923e+00 1.421470851409008640e+00 1.421518973512497563e+00 1.393090347111982430e+00 1.393337825092092919e+00 1.393329988787251894e+00 1.393627838199819280e+00 1.392467035188931668e+00 1.392503791615704367e+00
1.753532010952777386e+09 1.481754484593873711e+00 1.450980448616386198e+00 1.452624638791992107e+00 1.451655712792275565e+00 1.420844610533451347e+00 1.422490781080291811e+00 1.452585696029224271e+00 1.421816947194907366e+00 1.423460854889890159e+00 1.472718492120768552e+00 1.402599543271170646e+00 1.406345847035378238e+00 1.402848553295238609e+00 1.413391249129440030e+00 1.412827975695702731e+00 1.435337240779770873e+00 1.381512385875079962e+00 1.384388131445223769e+00 1.438789711103457991e+00 1.437229772389623239e+00 1.437313116540832825e+00 1.407391965757715857e+00 1.407662285430220761e+00 1.407647842834841567e+00 1.409075439690015363e+00 1.407880606633441500e+00 1.407944443979135984e+00
1.753532010952804804e+09 1.496217793090246939e+00 1.465591727708086989e+00 1.466470694781546236e+00 1.465853445874008010e+00 1.435190566748243413e+00 1.436070590374938449e+00 1.467455742235268978e+00 1.436835365000367570e+00 1.437714168824186567e+00 1.485682974819372948e+00 1.414774897737916648e+00 1.416809957227902705e+00 1.415799746314293728e+00 1.427181866106799646e+00 1.426855199641521077e+00 1.448894227793003697e+00 1.394317606989267100e+00 1.395883954218940737e+00 1.453342665142238754e+00 1.451763787373575809e+00 1.451809101113828104e+00 1.421686296987694886e+00 1.421976207165656758e+00 1.421967886753043864e+00 1.424046731504267527e+00 1.422833915685774553e+00 1.422868723460045226e+00
1.753532010952831745e+09 1.511896356398517938e+00 1.482474000651298640e+00 1.479928169877414490e+00 1.481676286836466572e+00 1.452218665136520093e+00 1.449669782902430093e+00 1.482519926611289174e+00 1.453103443466206901e+00 1.450558120831486386e+00 1.503266017333612981e+00 1.434082777913632034e+00 1.428096553647105305e+00 1.429228924622162333e+00 1.441027339277091368e+00 1.442048221743798653e+00 1.465170256196949516e+00 1.411775124187211627e+00 1.407154998884741826e+00 1.468288807967059295e+00 1.466747023254044491e+00 1.466613617112034085e+00 1.436682296554149696e+00 1.436981105138345649e+00 1.437006960175096770e+00 1.438360641990448219e+00 1.437172843262018995e+00 1.437070066496555443e+00
1.753532010952858210e+09 1.528852021881220047e+00 1.495910950167356201e+00 1.498602581812032986e+00 1.499821619310845788e+00 1.466841209000195656e+00 1.469536055021529064e+00 1.497273386593816813e+00 1.464339346384214480e+00 1.467030403481118572e+00 1.522683067274711366e+00 1.444059237411452479e+00 1.450483630349358899e+00 1.445227560378577802e+00 1.459412222672533455e+00 1.458253186736146789e+00 1.481684883248738815e+00 1.420833811422352211e+00 1.425805983304406110e+00 1.483433849474224742e+00 1.481680224186037398e+00 1.481823513796029168e+00 1.452925268425189431e+00 1.453282753558407192e+00 1.453253543267211123e+00 1.451270181803183013e+00 1.449915142665892276e+00 1.450025863599727849e+00
