1.753549029710862637e+09 2.569489365782958931e-02 1.807615384760838384e-02 2.356705319973696408e-02 5.136923961929775687e-04 3.613785255383385230e-04 4.711526029488481487e-04 0.000000000000000000e+00 0.000000000000000000e+00 0.000000000000000000e+00
1.753549029710896969e+09 2.963996901914277282e-02 -1.647264632651128380e-03 1.761815727516722815e-02 5.950703085856176230e-04 -4.721504755639434336e-05 3.479330686623750791e-04 5.016723315358120157e-08 -2.856588115592305870e-07 -8.577891035284256686e-08
1.753549029710916042e+09 4.883169940808011755e-02 3.352407829210031758e-03 1.893477026100766000e-02 1.007742982280558815e-03 5.966059274056539924e-05 3.762334534073782802e-04 6.305279089161494099e-07 -1.470881341085375938e-07 -4.616725966698845009e-08
1.753549029710931063e+09 4.883172163549157757e-02 3.352409153360390564e-03 1.894113644169054950e-02 1.187399084898954843e-03 5.966058823557164977e-05 1.768868004346503195e-02 8.952812445352141546e-03 -1.470881341102857640e-07 3.473843041957146854e-04
1.753549029710945606e+09 7.540729835638329548e-02 2.839435921209668839e-04 1.646460132713498808e-02 1.806445205520366189e-03 -1.355276346418208042e-05 1.768593724603963191e-02 8.952896095425348297e-03 -3.849470938894177934e-07 3.483230873206961844e-04
1.753549029710960150e+09 9.556859974928989809e-02 5.688255426219157324e-04 8.575784277899475491e-03 2.300022506760247571e-03 -8.279971097353666751e-06 1.767674736056045956e-02 8.952982432887054282e-03 -3.934150420484380551e-07 3.513042810949892816e-04
1.753549029710974216e+09 9.556862127671009177e-02 5.688255266287072388e-04 8.574427675573058349e-03 2.114506915717578525e-03 -8.279972530779690029e-06 1.141607907438212631e-02 -2.776076099911678474e-04 -3.934150420457883772e-07 2.199919572425251563e-04
1.753549029710987329e+09 1.165560406085059536e-01 -1.747818680521349283e-03 1.470184659587289028e-02 2.685481877539693234e-03 -7.360385952877170448e-05 1.142015000834473160e-02 -2.775334614457922763e-04 -7.749509097451986257e-07 2.176119454165143495e-04
1.753549029711000681e+09 1.391971751491264397e-01 -3.346783377262154552e-03 1.333652331770395633e-02 3.338064609260028674e-03 -1.226910299338616721e-04 1.141919254303150853e-02 -2.774354898306233578e-04 -1.118735891559430369e-06 2.181411789979088725e-04
1.753549029711013556e+09 1.391972315921618242e-01 -3.346784187161729041e-03 1.333586393543511467e-02 3.516501243527272134e-03 -1.226910494439397955e-04 7.709649431720748403e-03 8.577769942011500767e-03 -1.118735891555077043e-06 1.343558476288465983e-04
1.753549029711026192e+09 1.593797577613845773e-01 -4.979350349536170416e-03 1.361115597430480849e-02 4.170785341832568965e-03 -1.792634986592860991e-04 7.709797446196826019e-03 8.577852577929798161e-03 -1.599779640094547684e-06 1.342481139804287799e-04
1.753549029711040020e+09 1.828714748763270725e-01 -4.493729667821999216e-03 1.180100862489196975e-02 4.985057313505509083e-03 -1.673628012731339721e-04 7.708770758613116975e-03 8.577966195199623195e-03 -1.555659719040603247e-06 1.349552520253033210e-04
1.753549029711053133e+09 1.828715464078052855e-01 -4.493731005227489389e-03 1.180098189981709442e-02 5.050631225079036876e-03 -1.673628239360287534e-04 7.084074923641344064e-03 1.182016443506597389e-02 -1.555659719038956192e-06 1.193380321605094730e-04
1.753549029711065769e+09 2.024007510700597257e-01 -3.155099004151502243e-03 9.736324065216890242e-03 5.818846803360444055e-03 -1.199020351941626391e-04 7.083074171423770111e-03 1.182025831113438404e-02 -1.139001849972959065e-06 1.201489184315936376e-04
1.753549029711079121e+09 2.229614133678997634e-01 -3.919889672757080265e-03 7.007901622234448402e-03 6.682192390790443401e-03 -1.580081054548896486e-04 7.081660926008959654e-03 1.182037075875947210e-02 -1.598386839362999599e-06 1.212181338682231512e-04
1.753549029711091518e+09 2.455224628056169589e-01 -7.079244406297318867e-03 4.745495721742752984e-03 7.690559697482327560e-03 -3.063626588226296622e-04 7.080412711476188198e-03 1.182050939119777717e-02 -3.314541547271629311e-06 1.221026559043013218e-04
1.753549029711104870e+09 2.662839527127888184e-01 -5.227635714787487453e-03 3.908189732361574444e-03 8.686795920403988028e-03 -2.243171513097546297e-04 7.079918531343199622e-03 1.182065402254574467e-02 -2.406872036095322102e-06 1.224291026578129310e-04
1.753549029711117268e+09 2.844448476056005704e-01 -4.901839103491118302e-03 5.850074474949062964e-03 9.616573241084303350e-03 -2.137783289832551059e-04 7.081147315834981741e-03 1.182079511864474707e-02 -2.325556213993380442e-06 1.216743894237737870e-04
1.753549029711129904e+09 2.844449669937221259e-01 -4.901841116292911596e-03 5.849511653563135849e-03 9.599320157053664940e-03 -2.137783575635375879e-04 3.732912692368588799e-03 1.096214291334703279e-02 -2.325556213958698678e-06 1.715760947732610962e-05
1.753549029711142063e+09 3.067204718974810285e-01 -1.975852743618536269e-03 2.822422608649824763e-03 1.089581329105182399e-02 -5.203439328527742903e-05 3.731169727898469689e-03 1.096231303414971214e-02 -2.416022878626055196e-07 1.833960123415681942e-05
1.753549029711154461e+09 3.266427024516830313e-01 -2.046683588246031842e-03 4.828582526168211965e-03 1.212864684986276684e-02 -6.417636450200788541e-05 3.732399286253041196e-03 1.096247990580544174e-02 -4.579011696512789177e-07 1.755868767816815690e-05
1.753549029711166859e+09 3.266428390777226798e-01 -2.046683779939313750e-03 4.828732976910146170e-03 1.203212719271780362e-02 -6.417636540343326344e-05 4.240074532095267947e-03 6.202085132870158862e-03 -4.579011696601813928e-07 3.530006075129061259e-05
1.753549029711179972e+09 3.464061989404997877e-01 -1.942956170311919972e-03 3.396030022017849318e-03 1.341691202082492471e-02 -6.538409710361595627e-05 4.239245180863266196e-03 6.202250471400472774e-03 -5.238892172416010405e-07 3.585953966277670251e-05
1.753549029711192369e+09 3.665489303822048739e-01 -2.773880559182054228e-03 2.013232487219826332e-03 1.491297544364419622e-02 -1.360594992018137901e-04 4.238396407844112826e-03 6.202433212607275786e-03 -1.616492537376126075e-06 3.639776468502723083e-05
1.753549029711205482e+09 3.665491041948149564e-01 -2.773882115859681741e-03 2.013434963723407644e-03 1.477935793889622977e-02 -1.360595134096000505e-04 4.909331708720367400e-03 -3.698902309088245022e-04 -1.616492537396439407e-06 6.297870760298212797e-05
1.753549029711229324e+09 3.871519659797433288e-01 -2.260539065231418135e-03 1.502224220001678471e-03 1.658483787431882725e-02 -1.007510643664370509e-04 4.909015368198427556e-03 -3.696900978755227290e-04 -1.109006899675188203e-06 6.317760329655588210e-05
1.753549029711245060e+09 4.080102936359847887e-01 -1.764710393943944152e-03 9.791564344716909528e-04 1.853770028551409571e-02 -6.431335755512250572e-05 4.908668933649873271e-03 -3.694694217036612310e-04 -5.712192459133874601e-07 6.338013962972407632e-05
1.753549029711258173e+09 4.080105346184513260e-01 -1.764711012081388378e-03 9.792614149922095838e-04 1.852693471176615134e-02 -6.431336445733264596e-05 5.073345048244992141e-03 -8.970761429182018106e-04 -5.712192459229679322e-07 7.112709843799740303e-05
1.753549029711270571e+09 4.296806976049303284e-01 -7.831314381651858364e-04 1.061534069282503174e-04 2.077760940910191451e-02 2.704740924438383772e-05 5.072782606836616186e-03 -8.968472570668534682e-04 8.835235611844654720e-07 7.146598673767401238e-05
1.753549029711283207e+09 4.503289623380626328e-01 -9.027811780917146221e-04 1.608741059252788994e-03 2.303141799628394965e-02 3.869565301374141647e-06 5.073802497032336815e-03 -8.966153075495088840e-04 4.629272241479512634e-07 7.088527362839832410e-05
1.753549029711295843e+09 4.698245004325197205e-01 -2.812022417974379025e-04 3.346878994835523601e-03 2.526834773941829398e-02 6.548252848742340038e-05 5.075042276588354745e-03 -8.963824836511666803e-04 1.461510220549095163e-06 7.021659473987276756e-05
1.753549029711308002e+09 4.889822539246676536e-01 2.526271602704062728e-04 3.340382904251427455e-03 2.757382099425892061e-02 1.198264874844400093e-04 5.075038227203331268e-03 -8.961400699788332974e-04 2.348604695444435261e-06 7.021910553598342158e-05
1.753549029711320877e+09 5.084818697249356978e-01 3.789544278926785690e-04 3.587990835997879099e-03 3.004090644383050276e-02 1.253208015406089232e-04 5.075233715205987491e-03 -8.958780250211248377e-04 2.409801311807351978e-06 7.012485192233617801e-05
1.753549029711333513e+09 5.084822622565032813e-01 3.789574353039673756e-04 3.586988622775053471e-03 3.009875514382548412e-02 1.253208285953503998e-04 1.054888701498528022e-03 1.930616830686588325e-03 2.409801312482695582e-06 -1.677513319728258026e-04
1.753549029711345911e+09 5.282436913823913560e-01 -5.579681736646681985e-05 3.242439536278589850e-03 3.284638867921278738e-02 5.332116224641465395e-05 1.054621829807473547e-03 1.930881032621726461e-03 1.124452887347723202e-06 -1.676197518175732938e-04
1.753549029711358786e+09 5.488431960841544388e-01 1.479565959258121463e-03 2.703361624392013832e-03 3.584983341509491439e-02 2.647332844575035738e-04 1.054185407985107738e-03 1.931172206778259326e-03 4.799045323093572051e-06 -1.674151125284864159e-04
1.753549029711371183e+09 5.488436495559031458e-01 1.479570486812224576e-03 2.704017749889562304e-03 3.588700756394566649e-02 2.647333416588413158e-04 3.335351344836889366e-03 3.742652030379805400e-03 4.799045322533247051e-06 -1.689643215127236342e-05
1.753549029711383820e+09 5.686189547809518130e-01 1.148645769513995281e-03 2.382728006259700847e-03 3.903686535301766763e-02 1.993137417496686117e-04 3.335096392357096099e-03 3.742930943571966870e-03 3.603829374270191814e-06 -1.677415686233415943e-05
1.753549029711396456e+09 5.901538084558241026e-01 1.669715639143688930e-03 2.521240635405244158e-03 4.262012670638808121e-02 2.718619732905513758e-04 3.335210836509418936e-03 3.743250314555288984e-03 4.869654450177483772e-06 -1.682651394185441762e-05
1.753549029711409330e+09 5.901543419015204961e-01 1.669720455487060150e-03 2.521175899189506773e-03 4.256205327066781702e-02 2.718620396203086549e-04 2.975482634883646303e-03 9.144372831747481223e-04 4.869654450308601084e-06 -4.331940123525728219e-05
1.753549029711421967e+09 6.128377455139887298e-01 1.591270594508240044e-03 1.816675187825696853e-03 4.667197279384685538e-02 2.418606936187374162e-04 2.974904261965739035e-03 9.147744473565070158e-04 4.291920414212210638e-06 -4.305253242640790775e-05
1.753549029711434841e+09 6.342290397258659729e-01 8.348501311297798228e-04 3.038149537842550416e-03 5.071269316453468068e-02 8.371459368223090405e-05 2.975948227282595050e-03 9.151077544913230073e-04 1.378712206353973425e-06 -4.351192547949896919e-05
1.753549029711447239e+09 6.342296791523487354e-01 8.348531195197813172e-04 3.037273844717457063e-03 5.075069919291375770e-02 8.371460843753729647e-05 9.456009097350351333e-05 2.760931399798799424e-03 1.378712207913543828e-06 -2.798451885764976534e-04
1.753549029711459875e+09 6.551923313704798302e-01 4.831272578677686127e-04 1.976791617162358856e-03 5.503639934681096857e-02 -4.094415038045738772e-06 9.365653839408071414e-05 2.761258763445132141e-03 -2.673101357807454089e-07 -2.794456680066924065e-04
1.753549029711472750e+09 6.761221485343165138e-01 3.097414169012413813e-04 1.045295842405488803e-03 5.948811544015833452e-02 -5.717267900219202457e-05 9.283049900071325825e-05 2.761600382798143783e-03 -1.278053509573079102e-06 -2.790974545031708453e-04
1.753549029711485386e+09 6.960006577650891257e-01 3.761969067951845963e-04 1.985856278398403759e-04 6.388230702615241285e-02 -5.802029454936754579e-05 9.205004734284144043e-05 2.761939051855364334e-03 -1.320905528533005294e-06 -2.787835230215953840e-04
1.753549029711498022e+09 7.171542373989794328e-01 1.118502203576551834e-03 1.186469361407052180e-03 6.874078351113960261e-02 9.593885546692604565e-05 9.298825308671408675e-05 2.762315060901058498e-03 1.521912782924625593e-06 -2.791465786688463748e-04
1.753549029711514950e+09 7.369214549878961851e-01 7.495286012123272747e-04 1.762651723505796134e-03 7.351432047095907141e-02 -8.980215557304331749e-06 9.356115940870866649e-05 2.762686427228638626e-03 -4.693415648307376231e-07 -2.793556559921746003e-04
1.753549029711527824e+09 7.369223964391069526e-01 7.495301431047050487e-04 1.763680276312474746e-03 7.349852607566922935e-02 -8.980220740509281383e-06 3.046061742632880619e-03 1.996640762584149954e-03 -4.693415685397071754e-07 2.012166389276406593e-05
1.753549029711540699e+09 7.581524420376508644e-01 7.981972949291339051e-04 2.680784768636435174e-03 7.901956803381149363e-02 -1.395411190546584973e-05 3.046976147012445905e-03 1.997040267867645005e-03 -5.888512770530638171e-07 1.978825164835690143e-05
1.753549029711553335e+09 7.786872386060988971e-01 8.156616372794021777e-04 1.717343870804748920e-03 8.455188605806659985e-02 -2.681351983700561739e-05 3.045981423493968748e-03 1.997441914454086212e-03 -8.570249069448031441e-07 2.013491620876394118e-05
1.753549029711565495e+09 7.786882607428330383e-01 8.156630579408146895e-04 1.717510088559845221e-03 8.453419040368194415e-02 -2.681352908955670475e-05 3.398623352698038665e-03 1.141492513369248181e-03 -8.570249075604510423e-07 5.936917358111674535e-05
1.753549029711578131e+09 7.997976239834372336e-01 7.031783544607572364e-04 2.509429228507106119e-03 9.061916659962525322e-02 -7.800231220876283327e-05 3.399436829187917584e-03 1.141905329142074623e-03 -1.856818159458136899e-06 5.908360426663561313e-05
1.753549029711591244e+09 8.214871013976458025e-01 1.419983298639485416e-03 2.691785229164264312e-03 9.709403998418564274e-02 1.162379662847373566e-04 3.399631355531419156e-03 1.142345911446212246e-03 1.830895843951252700e-06 5.901862098650680766e-05
1.753549029711603642e+09 8.214882984123793586e-01 1.419987961234469567e-03 2.692137818623738504e-03 9.707516029430508786e-02 1.162379901796473059e-04 4.205534907457578186e-03 2.313654657277810795e-04 1.830895841998008911e-06 1.573156757989934470e-04
1.753549029711617231e+09 8.426139265365054642e-01 1.050108862684783102e-03 3.063635360906700241e-03 1.038200227413291210e-01 -2.240441731359731807e-05 4.205931258801901343e-03 2.317962902300610547e-04 -8.575323320339346996e-07 1.571831682472060461e-04
1.753549029711630106e+09 8.629505897030991246e-01 1.537419812799467210e-03 2.785393628349708793e-03 1.105285656814696815e-01 1.180322672134717925e-04 4.205628151117192862e-03 2.322258949032484222e-04 1.825350787381893294e-06 1.572812153393284278e-04
1.753549029711643934e+09 8.629521230112772168e-01 1.537425710817323220e-03 2.784865279495705309e-03 1.105415393549369490e-01 1.180322918038461663e-04 2.761815502739572558e-03 8.563969200689643124e-04 1.825350792230296755e-06 -3.632325054550363951e-05
1.753549029711657286e+09 8.839159703743145746e-01 1.205519191641853810e-03 3.108635029667267125e-03 1.179348346771916106e-01 -2.142674224092058939e-05 2.762170901644067991e-03 8.568431213178309257e-04 -8.988850207753642836e-07 -3.643723194839162244e-05
1.753549029711669922e+09 9.043949832814252021e-01 1.016140804356194076e-03 3.230266994515434281e-03 1.253798514022698152e-01 -1.128274608326259882e-04 2.762308236450740709e-03 8.572934364658354447e-04 -2.695841449375629036e-06 -3.647947398860721459e-05
1.753549029711682558e+09 9.243664224885740355e-01 2.483203106774311848e-03 4.197077607410993477e-03 1.328642705640377952e-01 4.144187642167877815e-04 2.763436833296041301e-03 8.577471098382557450e-04 7.536350177050833375e-06 -3.681055306415199283e-05
1.753549029711695433e+09 9.443029024632746404e-01 2.927830890474142529e-03 4.505188539833162795e-03 1.405654269534969136e-01 5.626298221278144308e-04 2.763807280510097424e-03 8.582149042349923769e-04 1.040223132824497066e-05 -3.691442470365109864e-05
1.753549029711708069e+09 9.643423650862021912e-01 2.266865551287519827e-03 4.777062084049119549e-03 1.485379642801254174e-01 2.747263102313096477e-04 2.764143973130480433e-03 8.587001539182507592e-04 4.756090396324803652e-06 -3.700459289272729784e-05
1.753549029711721182e+09 9.643443293723553689e-01 2.266878514929521714e-03 4.777209760713298919e-03 1.485783969599825671e-01 2.747263696007788410e-04 3.019620965904395299e-03 2.796707730522551578e-03 4.756090394589488947e-06 3.583918914026531935e-06
1.753549029711733818e+09 9.846008528794714110e-01 2.521374881674435554e-03 4.223013433542470441e-03 1.571287204109951818e-01 3.548117370620373955e-04 3.018934552605725529e-03 2.797199528501446378e-03 6.301535104189155169e-06 3.767996821939717384e-06
1.753549029711746931e+09 1.004801920147990524e+00 2.295071354942621825e-03 4.388308630852089803e-03 1.659091672466121714e-01 2.279977254315573734e-04 3.019145392667656625e-03 2.797705505291462041e-03 3.785676198783317727e-06 3.714107482864622832e-06
1.753549029711759567e+09 1.004804018086032702e+00 2.295083432296584659e-03 4.387912412124223525e-03 1.659127233815284319e-01 2.279977734392243341e-04 2.066526039509293360e-03 2.966200819943632088e-03 3.785676207168043085e-06 -1.600923460506677198e-04
1.753549029711772203e+09 1.025679657678221002e+00 1.879932102250487765e-03 3.831241996499598537e-03 1.755030187454886814e-01 5.565370846016972446e-06 2.065815058710649115e-03 2.966724635484924676e-03 -6.248524461822118407e-07 -1.599105289306607775e-04
1.753549029711785078e+09 1.046080831443659376e+00 1.539585274441339878e-03 3.384528212872646956e-03 1.851379207722956832e-01 -1.871530260355511177e-04 2.065228125170429259e-03 2.967251761149771426e-03 -4.455591747510986159e-06 -1.597674386867490399e-04
1.753549029711797476e+09 1.046083123039473373e+00 1.539590714780227163e-03 3.384761052417835717e-03 1.851297266605475000e-01 -1.871530809200538221e-04 2.501271973473433163e-03 2.574052887454195051e-03 -4.455591752499879775e-06 -7.882466268277409593e-05
1.753549029711810112e+09 1.066786371529614197e+00 1.318712286149080438e-03 2.787962956911275644e-03 1.954359169336697122e-01 -3.313145082205206596e-04 2.500490584839485178e-03 2.574588788655113487e-03 -7.336901542701936933e-06 -7.863322423418768643e-05
1.753549029711822510e+09 1.087131851844016950e+00 1.389268508248402492e-03 2.892402138112283843e-03 2.058266490120274073e-01 -3.295627765333036829e-04 2.500629667797099609e-03 2.575129875154533263e-03 -7.328009755057630318e-06 -7.866604034513826336e-05
1.753549029711835146e+09 1.087134438912893408e+00 1.389271807920128016e-03 2.892006822525719327e-03 2.057972153141539029e-01 -3.295628662765612673e-04 1.636940398012837455e-03 1.170012155465094796e-03 -7.328009742257442908e-06 -2.513784681432132862e-04
1.753549029711847782e+09 1.107384375637847640e+00 1.426146000038048655e-03 2.495255193396447770e-03 2.166812009619207835e-01 -3.454281733844028097e-04 1.636404991752043710e-03 1.170552195425960621e-03 -7.669035359205334142e-06 -2.512536899405226295e-04
1.753549029711860180e+09 1.127948285897790281e+00 1.378660727188376223e-03 1.873754321048800870e-03 2.280089603927866748e-01 -4.085277089222488669e-04 1.635547398986287584e-03 1.171115007496648618e-03 -8.951323641094609192e-06 -2.510624912227968440e-04
1.753549029711873055e+09 1.148196628862837354e+00 1.075737277339625011e-03 1.868309872168733140e-03 2.394488474182575322e-01 -6.166920071405736789e-04 1.635536468541246534e-03 1.171684163956633737e-03 -1.312742343750860610e-05 -2.510608490398049319e-04
1.753549029711885452e+09 1.168146745550442400e+00 1.188166857269198386e-03 2.623761543398980822e-03 2.509977885888413640e-01 -5.884851432794232931e-04 1.636624823487224743e-03 1.172259485464542195e-03 -1.258826774534378148e-05 -2.512819998692559760e-04
1.753549029711898804e+09 1.188435917681687659e+00 1.279845659423889783e-03 2.800617389055185674e-03 2.630513689246799514e-01 -5.723202744068182002e-04 1.636883680641264488e-03 1.172860758532086496e-03 -1.228935708076634689e-05 -2.513322886894375340e-04
1.753549029711911440e+09 1.188439241111774347e+00 1.279847751226888177e-03 2.801094748759165847e-03 2.630502964389526688e-01 -5.723204307591968354e-04 2.507200190850372191e-03 1.121198496985930174e-03 -1.228935710360942787e-05 -5.068855016872130361e-05
1.753549029711924076e+09 1.208736772379556568e+00 1.108366847470138288e-03 2.388074749459132354e-03 2.757029177583608104e-01 -7.192690353513525158e-04 2.506587389091835798e-03 1.121801148822487281e-03 -1.525889558969362820e-05 -5.057093588426099702e-05
1.753549029711936712e+09 1.228617865035377843e+00 5.644197958824966575e-04 2.003798125855104327e-03 2.883912285593994707e-01 -1.106532220023237608e-03 2.506003578072148446e-03 1.122406215864189425e-03 -2.305378826742134906e-05 -5.046471723721475969e-05
1.753549029711949110e+09 1.228621440065929438e+00 5.644132760906456171e-04 2.004690588522632915e-03 2.883904776745463971e-01 -1.106532508353132074e-03 4.088658184127931874e-03 1.086132034190226241e-03 -2.305378831889472134e-05 3.394789507772299954e-04
1.753549029711961508e+09 1.249595195830096594e+00 6.616653105849096533e-04 1.810280231093893636e-03 3.024010282820626672e-01 -1.084850284030098103e-03 4.088367547924759253e-03 1.086771289307051020e-03 -2.264165627181467870e-05 3.395327936457054438e-04
1.753549029711974144e+09 1.270400097388147298e+00 7.340453522949837769e-04 1.761573059242861920e-03 3.166189530897975946e-01 -1.078914735855707359e-03 4.088296203345995368e-03 1.087420723200577082e-03 -2.254551249877158241e-05 3.395458644151908641e-04
1.753549029711986542e+09 1.270404030858574451e+00 7.340389411195220567e-04 1.762151534785671471e-03 3.166339984317390055e-01 -1.078915018442943305e-03 5.024857330513639656e-03 1.799120950166537870e-03 -2.254551253658195072e-05 5.857462528756284762e-04
1.753549029711998940e+09 1.292490625225722445e+00 6.871560839022644411e-04 2.034962869270191387e-03 3.324059928134462383e-01 -1.159871858297135006e-03 5.025287533252332725e-03 1.799811561532611544e-03 -2.420298175198149155e-05 5.856730462709451796e-04
1.753549029712011576e+09 1.312955534589932416e+00 1.019591384982814321e-03 2.145210200799326210e-03 3.473458020899439780e-01 -9.616713001662557719e-04 5.025469585882271807e-03 1.800466412335022378e-03 -2.022159824330844975e-05 5.856444929437198792e-04
1.753549029712023973e+09 1.312959822876689886e+00 1.019588647837497714e-03 2.145314760980335331e-03 3.473134326671976080e-01 -9.616715484639671565e-04 5.097984026738604235e-03 2.695370104462096843e-04 -2.022159824693874148e-05 6.059550464009789061e-04
1.753549029712036371e+09 1.333311144867553200e+00 1.097136771450645193e-03 2.031127113774454460e-03 3.628147367477992935e-01 -9.483144519741768495e-04 5.097810413262414235e-03 2.701895058732355515e-04 -1.997257422325554834e-05 6.059846694615498392e-04
1.753549029712049007e+09 1.353663994009992599e+00 1.020068629934268653e-03 1.923160197875073462e-03 3.786505120681320502e-01 -1.054746250660084988e-03 5.097643119832114510e-03 2.708567299903430047e-04 -2.214966171021667113e-05 6.060116250276118563e-04
1.753549029712064981e+09 1.373808595503597907e+00 8.819976267896402966e-04 1.703410347551348198e-03 3.947470480102272528e-01 -1.211906971988776800e-03 5.097287147752594706e-03 2.715357604604777325e-04 -2.535764296942420471e-05 6.060636579756289522e-04
1.753549029712078094e+09 1.394360147111549209e+00 1.447974734970903024e-03 1.826545438626432649e-03 4.115317688303679056e-01 -7.977313299089332710e-04 5.097504272948623003e-03 2.722445139674502961e-04 -1.696947915453512354e-05 6.060358720011761215e-04
1.753549029712090731e+09 1.414529691208340489e+00 2.085927688982630503e-03 2.002417751597131146e-03 4.283506717074502257e-01 -3.135277444356578342e-04 5.097817043112848508e-03 2.729553689575803265e-04 -7.149801795455445783e-06 6.059981045165725418e-04
1.753549029712103605e+09 1.414535210490493133e+00 2.085934713362931885e-03 2.002556432294223376e-03 4.283581847468114212e-01 -3.135278375806111731e-04 5.216162146910029163e-03 6.265590557074224558e-04 -7.149801805186384745e-06 6.436744566924391866e-04
1.753549029712116241e+09 1.435179002034053575e+00 2.356540198544819758e-03 1.908055866283018924e-03 4.462971033735197990e-01 -1.288731388655710579e-04 5.216006028799019187e-03 6.272883049783760379e-04 -3.410295306463477268e-06 6.436947541160091069e-04
1.753549029712128878e+09 1.455430957743684139e+00 2.368984026114810161e-03 1.469471211505363542e-03 4.642522370764144424e-01 -1.681613001047426023e-04 5.215236846859356776e-03 6.280188531511538257e-04 -4.229804788403627864e-06 6.437838879167551891e-04
1.753549029712141275e+09 1.455436714220458949e+00 2.368990404716989160e-03 1.469579079120261278e-03 4.642535372649647107e-01 -1.681613529831266197e-04 5.283075600949042189e-03 6.887678328333570344e-04 -4.229804795136168448e-06 6.666586261385316339e-04
1.753549029712153912e+09 1.475339504725065698e+00 2.152829401997225639e-03 1.459400628609572618e-03 4.826043781983339054e-01 -4.181641525883878917e-04 5.283065886953355363e-03 6.894870358522259398e-04 -9.350232502388652829e-06 6.666607139556042895e-04
1.753549029712166309e+09 1.496084027622252455e+00 2.542527533144216863e-03 1.554695902611107419e-03 5.021026058915564194e-01 -1.048682864871918114e-04 5.283246165844889160e-03 6.902518340545125367e-04 -2.968777533106210292e-06 6.666424663139538728e-04
1.753549029712178707e+09 1.496090249832362939e+00 2.542535831650435431e-03 1.553942798122944467e-03 5.020982717393321915e-01 -1.048683155831475723e-04 4.036306963045118400e-03 4.864793606612402956e-04 -2.968777383647725746e-06 2.218423125581613000e-04
