1.753549029710862637e+09 2.697912464831203269e-02 1.897960016145423118e-02 2.474493470710908277e-02 0.000000000000000000e+00 0.000000000000000000e+00 0.000000000000000000e+00
1.753549029710896969e+09 3.378219520489439409e-02 -2.235644414033721369e-02 1.137192764307401807e-02 1.000000000000000000e+00 0.000000000000000000e+00 0.000000000000000000e+00
1.753549029710916042e+09 8.817427990216680778e-02 1.360162221438502260e-02 2.163378287308471981e-02 1.000000000000000000e+00 0.000000000000000000e+00 0.000000000000000000e+00
1.753549029710931063e+09 8.817427990216680778e-02 1.360162221438502260e-02 2.163378287308471981e-02 2.000000000000000000e+00 1.855429521131582785e-02 9.400421541211800153e-03
1.753549029710945606e+09 1.564620331187040470e-01 -9.074796350309654105e-03 8.910388772545296820e-03 1.000000000000000000e+00 0.000000000000000000e+00 0.000000000000000000e+00
1.753549029710960150e+09 1.772211596233529141e-01 1.722589896732384159e-03 -2.337495477861194909e-02 0.000000000000000000e+00 0.000000000000000000e+00 0.000000000000000000e+00
1.753549029710974216e+09 1.772211596233529141e-01 1.722589896732384159e-03 -2.337495477861194909e-02 2.000000000000000000e+00 4.842385275794870714e-03 -9.969727148911700088e-03
1.753549029710987329e+09 2.225415902599638396e-01 -1.344679005964134581e-02 4.564455219308784922e-02 1.000000000000000000e+00 0.000000000000000000e+00 0.000000000000000000e+00
1.753549029711000681e+09 2.761748800462060505e-01 -1.302044945605445453e-02 5.075398094222012199e-03 1.000000000000000000e+00 0.000000000000000000e+00 0.000000000000000000e+00
1.753549029711013556e+09 2.761748800462060505e-01 -1.302044945605445453e-02 5.075398094222012199e-03 2.000000000000000000e+00 1.051006876254430424e-04 2.673094104913761870e-02
1.753549029711026192e+09 3.016651913498770710e-01 -1.648884947022713141e-02 1.555128014285968481e-02 0.000000000000000000e+00 0.000000000000000000e+00 0.000000000000000000e+00
1.753549029711040020e+09 3.719779207042382407e-01 -5.844953994955793923e-04 -2.771534969443077874e-03 1.000000000000000000e+00 0.000000000000000000e+00 0.000000000000000000e+00
1.753549029711053133e+09 3.719779207042382407e-01 -5.844953994955793923e-04 -2.771534969443077874e-03 2.000000000000000000e+00 5.178754200614177870e-03 2.170886903827384806e-02
1.753549029711065769e+09 3.791379641273620038e-01 8.959435547712783082e-03 -8.949641977621283773e-03 1.000000000000000000e+00 0.000000000000000000e+00 0.000000000000000000e+00
1.753549029711079121e+09 4.295934726760058942e-01 -1.160594948236412689e-02 -2.041368901608028169e-02 1.000000000000000000e+00 0.000000000000000000e+00 0.000000000000000000e+00
1.753549029711091518e+09 4.948188823832742056e-01 -4.198977161218131471e-02 -2.025504291426416179e-02 0.000000000000000000e+00 0.000000000000000000e+00 0.000000000000000000e+00
1.753549029711104870e+09 5.164562775777696846e-01 1.708408414354118526e-02 -6.182498351336490963e-03 1.000000000000000000e+00 0.000000000000000000e+00 0.000000000000000000e+00
1.753549029711117268e+09 5.214407366565501079e-01 -6.502195740109699982e-04 3.119051656763559971e-02 1.000000000000000000e+00 0.000000000000000000e+00 0.000000000000000000e+00
1.753549029711129904e+09 5.214407366565501079e-01 -6.502195740109699982e-04 3.119051656763559971e-02 2.000000000000000000e+00 -9.827348451255655745e-03 7.484601506289041521e-03
1.753549029711142063e+09 6.196859025644095853e-01 3.913384745397154030e-02 -3.970884574112085175e-02 1.000000000000000000e+00 0.000000000000000000e+00 0.000000000000000000e+00
1.753549029711154461e+09 6.264664168201645733e-01 -3.112695784579737508e-03 3.502058573630270621e-02 0.000000000000000000e+00 0.000000000000000000e+00 0.000000000000000000e+00
1.753549029711166859e+09 6.264664168201645733e-01 -3.112695784579737508e-03 3.502058573630270621e-02 2.000000000000000000e+00 6.803812737499964972e-03 -1.783790826241862457e-02
1.753549029711179972e+09 6.636007313750906800e-01 -2.781269320175860601e-04 -1.959974690383100779e-02 1.000000000000000000e+00 0.000000000000000000e+00 0.000000000000000000e+00
1.753549029711192369e+09 7.099740952407512795e-01 -1.694087897510441337e-02 -2.156434466447097048e-02 1.000000000000000000e+00 0.000000000000000000e+00 0.000000000000000000e+00
1.753549029711205482e+09 7.099740952407512795e-01 -1.694087897510441337e-02 -2.156434466447097048e-02 2.000000000000000000e+00 8.968448407551411414e-03 -4.013244663275143675e-02
1.753549029711229324e+09 7.590193356900954980e-01 7.005166787677260393e-03 -7.727261832774380730e-03 0.000000000000000000e+00 0.000000000000000000e+00 0.000000000000000000e+00
1.753549029711245060e+09 8.053473057668898427e-01 7.680649289070127540e-03 -8.986778039774056398e-03 1.000000000000000000e+00 0.000000000000000000e+00 0.000000000000000000e+00
1.753549029711258173e+09 8.053473057668898427e-01 7.680649289070127540e-03 -8.986778039774056398e-03 2.000000000000000000e+00 6.234290941142246571e-03 -4.616703477127657475e-03
1.753549029711270571e+09 8.641511536082402412e-01 1.889705926143566209e-02 -1.740097043303817301e-02 1.000000000000000000e+00 0.000000000000000000e+00 0.000000000000000000e+00
1.753549029711283207e+09 8.849570814974458965e-01 -3.421420224663632853e-03 3.323685453887672420e-02 1.000000000000000000e+00 0.000000000000000000e+00 0.000000000000000000e+00
1.753549029711295843e+09 8.996818415531657731e-01 1.342409317836394320e-02 4.167135679009294907e-02 0.000000000000000000e+00 0.000000000000000000e+00 0.000000000000000000e+00
1.753549029711308002e+09 9.305474924840211326e-01 1.255696589373858640e-02 3.189186705035415136e-03 1.000000000000000000e+00 0.000000000000000000e+00 0.000000000000000000e+00
1.753549029711320877e+09 9.774234539760204843e-01 3.416940348516410864e-03 9.541375841193598661e-03 1.000000000000000000e+00 0.000000000000000000e+00 0.000000000000000000e+00
1.753549029711333513e+09 9.774234539760204843e-01 3.416940348516410864e-03 9.541375841193598661e-03 2.000000000000000000e+00 -3.130827512847628169e-02 2.468389992984295830e-02
1.753549029711345911e+09 1.023238999679376704e+00 -1.094601051133678275e-02 -5.388801458428241035e-03 1.000000000000000000e+00 0.000000000000000000e+00 0.000000000000000000e+00
1.753549029711358786e+09 1.085427351367864501e+00 4.147413308935983534e-02 -1.134012442592198522e-02 0.000000000000000000e+00 0.000000000000000000e+00 0.000000000000000000e+00
1.753549029711371183e+09 1.085427351367864501e+00 4.147413308935983534e-02 -1.134012442592198522e-02 2.000000000000000000e+00 2.397947259192504191e-02 2.013654403145483107e-02
1.753549029711383820e+09 1.103503555414258486e+00 -7.802529943411743579e-03 -6.309249980278245143e-03 1.000000000000000000e+00 0.000000000000000000e+00 0.000000000000000000e+00
1.753549029711396456e+09 1.194162752554624563e+00 1.628487958745569036e-02 6.405271137636184275e-03 1.000000000000000000e+00 0.000000000000000000e+00 0.000000000000000000e+00
1.753549029711409330e+09 1.194162752554624563e+00 1.628487958745569036e-02 6.405271137636184275e-03 2.000000000000000000e+00 -6.396935502241710104e-04 -2.751513288234644361e-02
1.753549029711421967e+09 1.271737688363754115e+00 -6.875867557811779973e-04 -1.865012771249457621e-02 0.000000000000000000e+00 0.000000000000000000e+00 0.000000000000000000e+00
1.753549029711434841e+09 1.276981125834154129e+00 -2.189459018133219775e-02 3.974244992686784550e-02 1.000000000000000000e+00 0.000000000000000000e+00 0.000000000000000000e+00
1.753549029711447239e+09 1.276981125834154129e+00 -2.189459018133219775e-02 3.974244992686784550e-02 2.000000000000000000e+00 -3.174386390195267638e-02 2.315728202342355255e-02
1.753549029711459875e+09 1.306018869177023367e+00 -1.043707380523670528e-02 -3.095110557228532636e-02 1.000000000000000000e+00 0.000000000000000000e+00 0.000000000000000000e+00
1.753549029711472750e+09 1.346852639635735871e+00 -5.246689898453314911e-03 -2.880910606935312840e-02 1.000000000000000000e+00 0.000000000000000000e+00 0.000000000000000000e+00
1.753549029711485386e+09 1.352911882850609038e+00 2.572620624777045492e-03 -2.778521280074521330e-02 0.000000000000000000e+00 0.000000000000000000e+00 0.000000000000000000e+00
1.753549029711498022e+09 1.437350250555469611e+00 2.639175439922262015e-02 3.482365113692581504e-02 1.000000000000000000e+00 0.000000000000000000e+00 0.000000000000000000e+00
1.753549029711514950e+09 1.429663892728274766e+00 -1.218222184722622323e-02 2.195792794184833752e-02 1.000000000000000000e+00 0.000000000000000000e+00 0.000000000000000000e+00
1.753549029711527824e+09 1.429663892728274766e+00 -1.218222184722622323e-02 2.195792794184833752e-02 2.000000000000000000e+00 3.862228087383053066e-02 -7.234209090373568997e-03
1.753549029711540699e+09 1.523389550475477527e+00 2.552048079531913077e-03 3.574097727370083299e-02 1.000000000000000000e+00 0.000000000000000000e+00 0.000000000000000000e+00
1.753549029711553335e+09 1.539389792330009943e+00 1.462993476980492102e-03 -3.397953136652961947e-02 0.000000000000000000e+00 0.000000000000000000e+00 0.000000000000000000e+00
1.753549029711565495e+09 1.539389792330009943e+00 1.462993476980492102e-03 -3.397953136652961947e-02 2.000000000000000000e+00 8.000386588051083478e-03 -1.002864662974609251e-02
1.753549029711578131e+09 1.602880381744075988e+00 -3.576872864754121646e-03 3.264039173075114486e-02 1.000000000000000000e+00 0.000000000000000000e+00 0.000000000000000000e+00
1.753549029711591244e+09 1.668317984805109511e+00 2.940783419498155943e-02 9.810661130784366010e-03 1.000000000000000000e+00 0.000000000000000000e+00 0.000000000000000000e+00
1.753549029711603642e+09 1.668317984805109511e+00 2.940783419498155943e-02 9.810661130784366010e-03 2.000000000000000000e+00 1.552788730469999851e-02 -1.256790911298537317e-02
1.753549029711617231e+09 1.688534613094355707e+00 -1.376211635771904147e-02 1.794010450814196439e-02 0.000000000000000000e+00 0.000000000000000000e+00 0.000000000000000000e+00
1.753549029711630106e+09 1.697604904356649236e+00 2.153892496099815007e-02 -8.638961226930735177e-03 1.000000000000000000e+00 0.000000000000000000e+00 0.000000000000000000e+00
1.753549029711643934e+09 1.697604904356649236e+00 2.153892496099815007e-02 -8.638961226930735177e-03 2.000000000000000000e+00 -1.896633057365532810e-02 1.025017029566033071e-02
1.753549029711657286e+09 1.765253069554780119e+00 -1.274959788785305116e-02 1.672193155161102660e-02 1.000000000000000000e+00 0.000000000000000000e+00 0.000000000000000000e+00
1.753549029711669922e+09 1.785816747551951966e+00 -7.135644188392612289e-03 8.465247146214476687e-03 1.000000000000000000e+00 0.000000000000000000e+00 0.000000000000000000e+00
1.753549029711682558e+09 1.803898094568628263e+00 6.709585433503792440e-02 4.678211946839200969e-02 0.000000000000000000e+00 0.000000000000000000e+00 0.000000000000000000e+00
1.753549029711695433e+09 1.842215269460186766e+00 2.295409495952344461e-02 1.838356618376094445e-02 1.000000000000000000e+00 0.000000000000000000e+00 0.000000000000000000e+00
1.753549029711708069e+09 1.886918910589280296e+00 -2.816635285862398308e-02 1.729606515516317680e-02 1.000000000000000000e+00 0.000000000000000000e+00 0.000000000000000000e+00
1.753549029711721182e+09 1.886918910589280296e+00 -2.816635285862398308e-02 1.729606515516317680e-02 2.000000000000000000e+00 7.119717652242226608e-03 3.390172701908836239e-02
1.753549029711733818e+09 1.937401173213466388e+00 1.449330959275493998e-02 -2.185393032033132454e-02 1.000000000000000000e+00 0.000000000000000000e+00 0.000000000000000000e+00
1.753549029711746931e+09 1.975173010971074561e+00 -8.577547895532595598e-03 1.232927845319824016e-02 0.000000000000000000e+00 0.000000000000000000e+00 0.000000000000000000e+00
1.753549029711759567e+09 1.975173010971074561e+00 -8.577547895532595598e-03 1.232927845319824016e-02 2.000000000000000000e+00 -1.417424729212247471e-02 5.839045704046621522e-03
1.753549029711772203e+09 2.049306216037112272e+00 -1.847853029357809582e-02 -2.347387200367934135e-02 1.000000000000000000e+00 0.000000000000000000e+00 0.000000000000000000e+00
1.753549029711785078e+09 2.066818521503744233e+00 -1.549062359692546242e-02 -1.897405895245174445e-02 1.000000000000000000e+00 0.000000000000000000e+00 0.000000000000000000e+00
1.753549029711797476e+09 2.066818521503744233e+00 -1.549062359692546242e-02 -1.897405895245174445e-02 2.000000000000000000e+00 1.037115753363931046e-02 -4.523186167556648464e-03
1.753549029711810112e+09 2.123310756199240590e+00 -9.953486064726181984e-03 -2.767955930862399383e-02 0.000000000000000000e+00 0.000000000000000000e+00 0.000000000000000000e+00
1.753549029711822510e+09 2.145722158553757808e+00 5.060439648891078800e-03 8.326862383299341031e-03 1.000000000000000000e+00 0.000000000000000000e+00 0.000000000000000000e+00
1.753549029711835146e+09 2.145722158553757808e+00 5.060439648891078800e-03 8.326862383299341031e-03 2.000000000000000000e+00 -1.481461348650256818e-02 -2.559747790049513722e-02
1.753549029711847782e+09 2.181212508576947595e+00 3.382557605932145616e-03 -1.855340931890318151e-02 1.000000000000000000e+00 0.000000000000000000e+00 0.000000000000000000e+00
1.753549029711860180e+09 2.238969833042216973e+00 -1.185752451814942000e-03 -3.171913116618189227e-02 1.000000000000000000e+00 0.000000000000000000e+00 0.000000000000000000e+00
1.753549029711873055e+09 2.262382489258958795e+00 -1.559534965387516896e-02 1.568427822843662407e-03 0.000000000000000000e+00 0.000000000000000000e+00 0.000000000000000000e+00
1.753549029711885452e+09 2.285849485987990537e+00 7.485913683730860413e-03 4.496549858015857354e-02 1.000000000000000000e+00 0.000000000000000000e+00 0.000000000000000000e+00
1.753549029711898804e+09 2.345383268451008529e+00 6.507906950245297313e-03 1.288888300534172214e-02 1.000000000000000000e+00 0.000000000000000000e+00 0.000000000000000000e+00
1.753549029711911440e+09 2.345383268451008529e+00 6.507906950245297313e-03 1.288888300534172214e-02 2.000000000000000000e+00 1.995481664044091580e-02 8.537026995053432902e-05
1.753549029711924076e+09 2.386420350293615211e+00 -8.841459783218491228e-03 -2.158877771596001346e-02 1.000000000000000000e+00 0.000000000000000000e+00 0.000000000000000000e+00
1.753549029711936712e+09 2.401984897508858019e+00 -3.154309965731582482e-02 -2.068742259121884863e-02 0.000000000000000000e+00 0.000000000000000000e+00 0.000000000000000000e+00
1.753549029711949110e+09 2.401984897508858019e+00 -3.154309965731582482e-02 -2.068742259121884863e-02 2.000000000000000000e+00 3.739878261326951003e-02 3.225606017147891074e-04
1.753549029711961508e+09 2.508385647329263168e+00 6.500660259862901282e-03 -9.867317659666609980e-03 1.000000000000000000e+00 0.000000000000000000e+00 0.000000000000000000e+00
1.753549029711974144e+09 2.539819259708775867e+00 5.151777302573529345e-03 -1.215301442589226781e-03 1.000000000000000000e+00 0.000000000000000000e+00 0.000000000000000000e+00
1.753549029711986542e+09 2.539819259708775867e+00 5.151777302573529345e-03 -1.215301442589226781e-03 2.000000000000000000e+00 2.567272241416140161e-02 1.749210894696224053e-02
1.753549029711998940e+09 2.662155937058295674e+00 -2.221632315425782142e-03 1.895939653921683773e-02 0.000000000000000000e+00 0.000000000000000000e+00 0.000000000000000000e+00
1.753549029712011576e+09 2.602456844081636245e+00 2.197058453447444867e-02 9.090744299866565167e-03 1.000000000000000000e+00 0.000000000000000000e+00 0.000000000000000000e+00
1.753549029712023973e+09 2.602456844081636245e+00 2.197058453447444867e-02 9.090744299866565167e-03 2.000000000000000000e+00 6.768991692520727639e-03 -3.501838089650771701e-02
1.753549029712036371e+09 2.635945941123809089e+00 6.062651766141565618e-03 -5.286939396853556142e-03 1.000000000000000000e+00 0.000000000000000000e+00 0.000000000000000000e+00
1.753549029712049007e+09 2.676701218101072310e+00 -3.990062304287564712e-03 -5.103691237805543096e-03 1.000000000000000000e+00 0.000000000000000000e+00 0.000000000000000000e+00
1.753549029712064981e+09 2.703315470933222997e+00 -8.231440222298647830e-03 -1.281544099102480648e-02 0.000000000000000000e+00 0.000000000000000000e+00 0.000000000000000000e+00
1.753549029712078094e+09 2.771307814565717287e+00 3.937746976310078223e-02 1.007460168738127590e-02 1.000000000000000000e+00 0.000000000000000000e+00 0.000000000000000000e+00
1.753549029712090731e+09 2.786010640619037915e+00 4.547519564397074082e-02 1.396176264596120375e-02 1.000000000000000000e+00 0.000000000000000000e+00 0.000000000000000000e+00
1.753549029712103605e+09 2.786010640619037915e+00 4.547519564397074082e-02 1.396176264596120375e-02 2.000000000000000000e+00 8.061577159658196712e-03 9.130726366680748732e-03
1.753549029712116241e+09 2.859477954905074171e+00 2.103186314200753554e-02 -4.623723104132758562e-03 1.000000000000000000e+00 0.000000000000000000e+00 0.000000000000000000e+00
1.753549029712128878e+09 2.872887674033969052e+00 3.243121693288571368e-03 -2.925791795133862727e-02 0.000000000000000000e+00 0.000000000000000000e+00 0.000000000000000000e+00
1.753549029712141275e+09 2.872887674033969052e+00 3.243121693288571368e-03 -2.925791795133862727e-02 2.000000000000000000e+00 6.981852272835199942e-03 2.210529518169905994e-03
1.753549029712153912e+09 2.888167968025096677e+00 -1.319656167294067615e-02 7.335727978161019633e-04 1.000000000000000000e+00 0.000000000000000000e+00 0.000000000000000000e+00
1.753549029712166309e+09 2.989377445444517445e+00 3.060186328106271128e-02 8.412487469445721622e-03 1.000000000000000000e+00 0.000000000000000000e+00 0.000000000000000000e+00
1.753549029712178707e+09 2.989377445444517445e+00 3.060186328106271128e-02 8.412487469445721622e-03 2.000000000000000000e+00 -2.843876904031553479e-02 -4.821792630623841433e-03
