1.753549029710862637e+09 2.999999999999999889e-02 0.000000000000000000e+00 0.000000000000000000e+00 1.500000000000000000e+00 0.000000000000000000e+00 0.000000000000000000e+00 0.000000000000000000e+00 0.000000000000000000e+00 0.000000000000000000e+00
1.753549029710896969e+09 5.999999999999999778e-02 0.000000000000000000e+00 0.000000000000000000e+00 1.500000000000000000e+00 0.000000000000000000e+00 0.000000000000000000e+00 0.000000000000000000e+00 0.000000000000000000e+00 0.000000000000000000e+00
1.753549029710916042e+09 8.999999999999999667e-02 0.000000000000000000e+00 0.000000000000000000e+00 1.500000000000000000e+00 0.000000000000000000e+00 0.000000000000000000e+00 0.000000000000000000e+00 0.000000000000000000e+00 0.000000000000000000e+00
1.753549029710931063e+09 1.199999999999999956e-01 0.000000000000000000e+00 0.000000000000000000e+00 1.500000000000000000e+00 0.000000000000000000e+00 0.000000000000000000e+00 0.000000000000000000e+00 0.000000000000000000e+00 0.000000000000000000e+00
1.753549029710945606e+09 1.499999999999999944e-01 0.000000000000000000e+00 0.000000000000000000e+00 1.500000000000000000e+00 0.000000000000000000e+00 0.000000000000000000e+00 0.000000000000000000e+00 0.000000000000000000e+00 0.000000000000000000e+00
1.753549029710960150e+09 1.799999999999999933e-01 0.000000000000000000e+00 0.000000000000000000e+00 1.500000000000000000e+00 0.000000000000000000e+00 0.000000000000000000e+00 0.000000000000000000e+00 0.000000000000000000e+00 0.000000000000000000e+00
1.753549029710974216e+09 2.099999999999999922e-01 0.000000000000000000e+00 0.000000000000000000e+00 1.500000000000000000e+00 0.000000000000000000e+00 0.000000000000000000e+00 0.000000000000000000e+00 0.000000000000000000e+00 0.000000000000000000e+00
1.753549029710987329e+09 2.399999999999999911e-01 0.000000000000000000e+00 0.000000000000000000e+00 1.500000000000000000e+00 0.000000000000000000e+00 0.000000000000000000e+00 0.000000000000000000e+00 0.000000000000000000e+00 0.000000000000000000e+00
1.753549029711000681e+09 2.700000000000000178e-01 0.000000000000000000e+00 0.000000000000000000e+00 1.500000000000000000e+00 0.000000000000000000e+00 0.000000000000000000e+00 0.000000000000000000e+00 0.000000000000000000e+00 0.000000000000000000e+00
1.753549029711013556e+09 3.000000000000000444e-01 0.000000000000000000e+00 0.000000000000000000e+00 1.500000000000000000e+00 0.000000000000000000e+00 0.000000000000000000e+00 0.000000000000000000e+00 0.000000000000000000e+00 0.000000000000000000e+00
1.753549029711026192e+09 3.300000000000000711e-01 0.000000000000000000e+00 0.000000000000000000e+00 1.500000000000000000e+00 0.000000000000000000e+00 0.000000000000000000e+00 0.000000000000000000e+00 0.000000000000000000e+00 0.000000000000000000e+00
1.753549029711040020e+09 3.600000000000000977e-01 0.000000000000000000e+00 0.000000000000000000e+00 1.500000000000000000e+00 0.000000000000000000e+00 0.000000000000000000e+00 0.000000000000000000e+00 0.000000000000000000e+00 0.000000000000000000e+00
1.753549029711053133e+09 3.900000000000001243e-01 0.000000000000000000e+00 0.000000000000000000e+00 1.500000000000000000e+00 0.000000000000000000e+00 0.000000000000000000e+00 0.000000000000000000e+00 0.000000000000000000e+00 0.000000000000000000e+00
1.753549029711065769e+09 4.200000000000001510e-01 0.000000000000000000e+00 0.000000000000000000e+00 1.500000000000000000e+00 0.000000000000000000e+00 0.000000000000000000e+00 0.000000000000000000e+00 0.000000000000000000e+00 0.000000000000000000e+00
1.753549029711079121e+09 4.500000000000001776e-01 0.000000000000000000e+00 0.000000000000000000e+00 1.500000000000000000e+00 0.000000000000000000e+00 0.000000000000000000e+00 0.000000000000000000e+00 0.000000000000000000e+00 0.000000000000000000e+00
1.753549029711091518e+09 4.800000000000002043e-01 0.000000000000000000e+00 0.000000000000000000e+00 1.500000000000000000e+00 0.000000000000000000e+00 0.000000000000000000e+00 0.000000000000000000e+00 0.000000000000000000e+00 0.000000000000000000e+00
1.753549029711104870e+09 5.100000000000002309e-01 0.000000000000000000e+00 0.000000000000000000e+00 1.500000000000000000e+00 0.000000000000000000e+00 0.000000000000000000e+00 0.000000000000000000e+00 0.000000000000000000e+00 0.000000000000000000e+00
1.753549029711117268e+09 5.400000000000002576e-01 0.000000000000000000e+00 0.000000000000000000e+00 1.500000000000000000e+00 0.000000000000000000e+00 0.000000000000000000e+00 0.000000000000000000e+00 0.000000000000000000e+00 0.000000000000000000e+00
1.753549029711129904e+09 5.700000000000002842e-01 0.000000000000000000e+00 0.000000000000000000e+00 1.500000000000000000e+00 0.000000000000000000e+00 0.000000000000000000e+00 0.000000000000000000e+00 0.000000000000000000e+00 0.000000000000000000e+00
1.753549029711142063e+09 6.000000000000003109e-01 0.000000000000000000e+00 0.000000000000000000e+00 1.500000000000000000e+00 0.000000000000000000e+00 0.000000000000000000e+00 0.000000000000000000e+00 0.000000000000000000e+00 0.000000000000000000e+00
1.753549029711154461e+09 6.300000000000003375e-01 0.000000000000000000e+00 0.000000000000000000e+00 1.500000000000000000e+00 0.000000000000000000e+00 0.000000000000000000e+00 0.000000000000000000e+00 0.000000000000000000e+00 0.000000000000000000e+00
1.753549029711166859e+09 6.600000000000003642e-01 0.000000000000000000e+00 0.000000000000000000e+00 1.500000000000000000e+00 0.000000000000000000e+00 0.000000000000000000e+00 0.000000000000000000e+00 0.000000000000000000e+00 0.000000000000000000e+00
1.753549029711179972e+09 6.900000000000003908e-01 0.000000000000000000e+00 0.000000000000000000e+00 1.500000000000000000e+00 0.000000000000000000e+00 0.000000000000000000e+00 0.000000000000000000e+00 0.000000000000000000e+00 0.000000000000000000e+00
1.753549029711192369e+09 7.200000000000004174e-01 0.000000000000000000e+00 0.000000000000000000e+00 1.500000000000000000e+00 0.000000000000000000e+00 0.000000000000000000e+00 0.000000000000000000e+00 0.000000000000000000e+00 0.000000000000000000e+00
1.753549029711205482e+09 7.500000000000004441e-01 0.000000000000000000e+00 0.000000000000000000e+00 1.500000000000000000e+00 0.000000000000000000e+00 0.000000000000000000e+00 0.000000000000000000e+00 0.000000000000000000e+00 0.000000000000000000e+00
1.753549029711229324e+09 7.800000000000004707e-01 0.000000000000000000e+00 0.000000000000000000e+00 1.500000000000000000e+00 0.000000000000000000e+00 0.000000000000000000e+00 0.000000000000000000e+00 0.000000000000000000e+00 0.000000000000000000e+00
1.753549029711245060e+09 8.100000000000004974e-01 0.000000000000000000e+00 0.000000000000000000e+00 1.500000000000000000e+00 0.000000000000000000e+00 0.000000000000000000e+00 0.000000000000000000e+00 0.000000000000000000e+00 0.000000000000000000e+00
1.753549029711258173e+09 8.400000000000005240e-01 0.000000000000000000e+00 0.000000000000000000e+00 1.500000000000000000e+00 0.000000000000000000e+00 0.000000000000000000e+00 0.000000000000000000e+00 0.000000000000000000e+00 0.000000000000000000e+00
1.753549029711270571e+09 8.700000000000005507e-01 0.000000000000000000e+00 0.000000000000000000e+00 1.500000000000000000e+00 0.000000000000000000e+00 0.000000000000000000e+00 0.000000000000000000e+00 0.000000000000000000e+00 0.000000000000000000e+00
1.753549029711283207e+09 9.000000000000005773e-01 0.000000000000000000e+00 0.000000000000000000e+00 1.500000000000000000e+00 0.000000000000000000e+00 0.000000000000000000e+00 0.000000000000000000e+00 0.000000000000000000e+00 0.000000000000000000e+00
1.753549029711295843e+09 9.300000000000006040e-01 0.000000000000000000e+00 0.000000000000000000e+00 1.500000000000000000e+00 0.000000000000000000e+00 0.000000000000000000e+00 0.000000000000000000e+00 0.000000000000000000e+00 0.000000000000000000e+00
1.753549029711308002e+09 9.600000000000006306e-01 0.000000000000000000e+00 0.000000000000000000e+00 1.500000000000000000e+00 0.000000000000000000e+00 0.000000000000000000e+00 0.000000000000000000e+00 0.000000000000000000e+00 0.000000000000000000e+00
1.753549029711320877e+09 9.900000000000006573e-01 0.000000000000000000e+00 0.000000000000000000e+00 1.500000000000000000e+00 0.000000000000000000e+00 0.000000000000000000e+00 0.000000000000000000e+00 0.000000000000000000e+00 0.000000000000000000e+00
1.753549029711333513e+09 1.020000000000000684e+00 0.000000000000000000e+00 0.000000000000000000e+00 1.500000000000000000e+00 0.000000000000000000e+00 0.000000000000000000e+00 0.000000000000000000e+00 0.000000000000000000e+00 0.000000000000000000e+00
1.753549029711345911e+09 1.050000000000000711e+00 0.000000000000000000e+00 0.000000000000000000e+00 1.500000000000000000e+00 0.000000000000000000e+00 0.000000000000000000e+00 0.000000000000000000e+00 0.000000000000000000e+00 0.000000000000000000e+00
1.753549029711358786e+09 1.080000000000000737e+00 0.000000000000000000e+00 0.000000000000000000e+00 1.500000000000000000e+00 0.000000000000000000e+00 0.000000000000000000e+00 0.000000000000000000e+00 0.000000000000000000e+00 0.000000000000000000e+00
1.753549029711371183e+09 1.110000000000000764e+00 0.000000000000000000e+00 0.000000000000000000e+00 1.500000000000000000e+00 0.000000000000000000e+00 0.000000000000000000e+00 0.000000000000000000e+00 0.000000000000000000e+00 0.000000000000000000e+00
1.753549029711383820e+09 1.140000000000000790e+00 0.000000000000000000e+00 0.000000000000000000e+00 1.500000000000000000e+00 0.000000000000000000e+00 0.000000000000000000e+00 0.000000000000000000e+00 0.000000000000000000e+00 0.000000000000000000e+00
1.753549029711396456e+09 1.170000000000000817e+00 0.000000000000000000e+00 0.000000000000000000e+00 1.500000000000000000e+00 0.000000000000000000e+00 0.000000000000000000e+00 0.000000000000000000e+00 0.000000000000000000e+00 0.000000000000000000e+00
1.753549029711409330e+09 1.200000000000000844e+00 0.000000000000000000e+00 0.000000000000000000e+00 1.500000000000000000e+00 0.000000000000000000e+00 0.000000000000000000e+00 0.000000000000000000e+00 0.000000000000000000e+00 0.000000000000000000e+00
1.753549029711421967e+09 1.230000000000000870e+00 0.000000000000000000e+00 0.000000000000000000e+00 1.500000000000000000e+00 0.000000000000000000e+00 0.000000000000000000e+00 0.000000000000000000e+00 0.000000000000000000e+00 0.000000000000000000e+00
1.753549029711434841e+09 1.260000000000000897e+00 0.000000000000000000e+00 0.000000000000000000e+00 1.500000000000000000e+00 0.000000000000000000e+00 0.000000000000000000e+00 0.000000000000000000e+00 0.000000000000000000e+00 0.000000000000000000e+00
1.753549029711447239e+09 1.290000000000000924e+00 0.000000000000000000e+00 0.000000000000000000e+00 1.500000000000000000e+00 0.000000000000000000e+00 0.000000000000000000e+00 0.000000000000000000e+00 0.000000000000000000e+00 0.000000000000000000e+00
1.753549029711459875e+09 1.320000000000000950e+00 0.000000000000000000e+00 0.000000000000000000e+00 1.500000000000000000e+00 0.000000000000000000e+00 0.000000000000000000e+00 0.000000000000000000e+00 0.000000000000000000e+00 0.000000000000000000e+00
1.753549029711472750e+09 1.350000000000000977e+00 0.000000000000000000e+00 0.000000000000000000e+00 1.500000000000000000e+00 0.000000000000000000e+00 0.000000000000000000e+00 0.000000000000000000e+00 0.000000000000000000e+00 0.000000000000000000e+00
1.753549029711485386e+09 1.380000000000001004e+00 0.000000000000000000e+00 0.000000000000000000e+00 1.500000000000000000e+00 0.000000000000000000e+00 0.000000000000000000e+00 0.000000000000000000e+00 0.000000000000000000e+00 0.000000000000000000e+00
1.753549029711498022e+09 1.410000000000001030e+00 0.000000000000000000e+00 0.000000000000000000e+00 1.500000000000000000e+00 0.000000000000000000e+00 0.000000000000000000e+00 0.000000000000000000e+00 0.000000000000000000e+00 0.000000000000000000e+00
1.753549029711514950e+09 1.440000000000001057e+00 0.000000000000000000e+00 0.000000000000000000e+00 1.500000000000000000e+00 0.000000000000000000e+00 0.000000000000000000e+00 0.000000000000000000e+00 0.000000000000000000e+00 0.000000000000000000e+00
1.753549029711527824e+09 1.470000000000001084e+00 0.000000000000000000e+00 0.000000000000000000e+00 1.500000000000000000e+00 0.000000000000000000e+00 0.000000000000000000e+00 0.000000000000000000e+00 0.000000000000000000e+00 0.000000000000000000e+00
1.753549029711540699e+09 1.500000000000001110e+00 0.000000000000000000e+00 0.000000000000000000e+00 1.500000000000000000e+00 0.000000000000000000e+00 0.000000000000000000e+00 0.000000000000000000e+00 0.000000000000000000e+00 0.000000000000000000e+00
1.753549029711553335e+09 1.530000000000001137e+00 0.000000000000000000e+00 0.000000000000000000e+00 1.500000000000000000e+00 0.000000000000000000e+00 0.000000000000000000e+00 0.000000000000000000e+00 0.000000000000000000e+00 0.000000000000000000e+00
1.753549029711565495e+09 1.560000000000001164e+00 0.000000000000000000e+00 0.000000000000000000e+00 1.500000000000000000e+00 0.000000000000000000e+00 0.000000000000000000e+00 0.000000000000000000e+00 0.000000000000000000e+00 0.000000000000000000e+00
1.753549029711578131e+09 1.590000000000001190e+00 0.000000000000000000e+00 0.000000000000000000e+00 1.500000000000000000e+00 0.000000000000000000e+00 0.000000000000000000e+00 0.000000000000000000e+00 0.000000000000000000e+00 0.000000000000000000e+00
1.753549029711591244e+09 1.620000000000001217e+00 0.000000000000000000e+00 0.000000000000000000e+00 1.500000000000000000e+00 0.000000000000000000e+00 0.000000000000000000e+00 0.000000000000000000e+00 0.000000000000000000e+00 0.000000000000000000e+00
1.753549029711603642e+09 1.650000000000001243e+00 0.000000000000000000e+00 0.000000000000000000e+00 1.500000000000000000e+00 0.000000000000000000e+00 0.000000000000000000e+00 0.000000000000000000e+00 0.000000000000000000e+00 0.000000000000000000e+00
1.753549029711617231e+09 1.680000000000001270e+00 0.000000000000000000e+00 0.000000000000000000e+00 1.500000000000000000e+00 0.000000000000000000e+00 0.000000000000000000e+00 0.000000000000000000e+00 0.000000000000000000e+00 0.000000000000000000e+00
1.753549029711630106e+09 1.710000000000001297e+00 0.000000000000000000e+00 0.000000000000000000e+00 1.500000000000000000e+00 0.000000000000000000e+00 0.000000000000000000e+00 0.000000000000000000e+00 0.000000000000000000e+00 0.000000000000000000e+00
1.753549029711643934e+09 1.740000000000001323e+00 0.000000000000000000e+00 0.000000000000000000e+00 1.500000000000000000e+00 0.000000000000000000e+00 0.000000000000000000e+00 0.000000000000000000e+00 0.000000000000000000e+00 0.000000000000000000e+00
1.753549029711657286e+09 1.770000000000001350e+00 0.000000000000000000e+00 0.000000000000000000e+00 1.500000000000000000e+00 0.000000000000000000e+00 0.000000000000000000e+00 0.000000000000000000e+00 0.000000000000000000e+00 0.000000000000000000e+00
1.753549029711669922e+09 1.800000000000001377e+00 0.000000000000000000e+00 0.000000000000000000e+00 1.500000000000000000e+00 0.000000000000000000e+00 0.000000000000000000e+00 0.000000000000000000e+00 0.000000000000000000e+00 0.000000000000000000e+00
1.753549029711682558e+09 1.830000000000001403e+00 0.000000000000000000e+00 0.000000000000000000e+00 1.500000000000000000e+00 0.000000000000000000e+00 0.000000000000000000e+00 0.000000000000000000e+00 0.000000000000000000e+00 0.000000000000000000e+00
1.753549029711695433e+09 1.860000000000001430e+00 0.000000000000000000e+00 0.000000000000000000e+00 1.500000000000000000e+00 0.000000000000000000e+00 0.000000000000000000e+00 0.000000000000000000e+00 0.000000000000000000e+00 0.000000000000000000e+00
1.753549029711708069e+09 1.890000000000001457e+00 0.000000000000000000e+00 0.000000000000000000e+00 1.500000000000000000e+00 0.000000000000000000e+00 0.000000000000000000e+00 0.000000000000000000e+00 0.000000000000000000e+00 0.000000000000000000e+00
1.753549029711721182e+09 1.920000000000001483e+00 0.000000000000000000e+00 0.000000000000000000e+00 1.500000000000000000e+00 0.000000000000000000e+00 0.000000000000000000e+00 0.000000000000000000e+00 0.000000000000000000e+00 0.000000000000000000e+00
1.753549029711733818e+09 1.950000000000001510e+00 0.000000000000000000e+00 0.000000000000000000e+00 1.500000000000000000e+00 0.000000000000000000e+00 0.000000000000000000e+00 0.000000000000000000e+00 0.000000000000000000e+00 0.000000000000000000e+00
1.753549029711746931e+09 1.980000000000001537e+00 0.000000000000000000e+00 0.000000000000000000e+00 1.500000000000000000e+00 0.000000000000000000e+00 0.000000000000000000e+00 0.000000000000000000e+00 0.000000000000000000e+00 0.000000000000000000e+00
1.753549029711759567e+09 2.010000000000001563e+00 0.000000000000000000e+00 0.000000000000000000e+00 1.500000000000000000e+00 0.000000000000000000e+00 0.000000000000000000e+00 0.000000000000000000e+00 0.000000000000000000e+00 0.000000000000000000e+00
1.753549029711772203e+09 2.040000000000001368e+00 0.000000000000000000e+00 0.000000000000000000e+00 1.500000000000000000e+00 0.000000000000000000e+00 0.000000000000000000e+00 0.000000000000000000e+00 0.000000000000000000e+00 0.000000000000000000e+00
1.753549029711785078e+09 2.070000000000001172e+00 0.000000000000000000e+00 0.000000000000000000e+00 1.500000000000000000e+00 0.000000000000000000e+00 0.000000000000000000e+00 0.000000000000000000e+00 0.000000000000000000e+00 0.000000000000000000e+00
1.753549029711797476e+09 2.100000000000000977e+00 0.000000000000000000e+00 0.000000000000000000e+00 1.500000000000000000e+00 0.000000000000000000e+00 0.000000000000000000e+00 0.000000000000000000e+00 0.000000000000000000e+00 0.000000000000000000e+00
1.753549029711810112e+09 2.130000000000000782e+00 0.000000000000000000e+00 0.000000000000000000e+00 1.500000000000000000e+00 0.000000000000000000e+00 0.000000000000000000e+00 0.000000000000000000e+00 0.000000000000000000e+00 0.000000000000000000e+00
1.753549029711822510e+09 2.160000000000000586e+00 0.000000000000000000e+00 0.000000000000000000e+00 1.500000000000000000e+00 0.000000000000000000e+00 0.000000000000000000e+00 0.000000000000000000e+00 0.000000000000000000e+00 0.000000000000000000e+00
1.753549029711835146e+09 2.190000000000000391e+00 0.000000000000000000e+00 0.000000000000000000e+00 1.500000000000000000e+00 0.000000000000000000e+00 0.000000000000000000e+00 0.000000000000000000e+00 0.000000000000000000e+00 0.000000000000000000e+00
1.753549029711847782e+09 2.220000000000000195e+00 0.000000000000000000e+00 0.000000000000000000e+00 1.500000000000000000e+00 0.000000000000000000e+00 0.000000000000000000e+00 0.000000000000000000e+00 0.000000000000000000e+00 0.000000000000000000e+00
1.753549029711860180e+09 2.250000000000000000e+00 0.000000000000000000e+00 0.000000000000000000e+00 1.500000000000000000e+00 0.000000000000000000e+00 0.000000000000000000e+00 0.000000000000000000e+00 0.000000000000000000e+00 0.000000000000000000e+00
1.753549029711873055e+09 2.279999999999999805e+00 0.000000000000000000e+00 0.000000000000000000e+00 1.500000000000000000e+00 0.000000000000000000e+00 0.000000000000000000e+00 0.000000000000000000e+00 0.000000000000000000e+00 0.000000000000000000e+00
1.753549029711885452e+09 2.309999999999999609e+00 0.000000000000000000e+00 0.000000000000000000e+00 1.500000000000000000e+00 0.000000000000000000e+00 0.000000000000000000e+00 0.000000000000000000e+00 0.000000000000000000e+00 0.000000000000000000e+00
1.753549029711898804e+09 2.339999999999999414e+00 0.000000000000000000e+00 0.000000000000000000e+00 1.500000000000000000e+00 0.000000000000000000e+00 0.000000000000000000e+00 0.000000000000000000e+00 0.000000000000000000e+00 0.000000000000000000e+00
1.753549029711911440e+09 2.369999999999999218e+00 0.000000000000000000e+00 0.000000000000000000e+00 1.500000000000000000e+00 0.000000000000000000e+00 0.000000000000000000e+00 0.000000000000000000e+00 0.000000000000000000e+00 0.000000000000000000e+00
1.753549029711924076e+09 2.399999999999999023e+00 0.000000000000000000e+00 0.000000000000000000e+00 1.500000000000000000e+00 0.000000000000000000e+00 0.000000000000000000e+00 0.000000000000000000e+00 0.000000000000000000e+00 0.000000000000000000e+00
1.753549029711936712e+09 2.429999999999998828e+00 0.000000000000000000e+00 0.000000000000000000e+00 1.500000000000000000e+00 0.000000000000000000e+00 0.000000000000000000e+00 0.000000000000000000e+00 0.000000000000000000e+00 0.000000000000000000e+00
1.753549029711949110e+09 2.459999999999998632e+00 0.000000000000000000e+00 0.000000000000000000e+00 1.500000000000000000e+00 0.000000000000000000e+00 0.000000000000000000e+00 0.000000000000000000e+00 0.000000000000000000e+00 0.000000000000000000e+00
1.753549029711961508e+09 2.489999999999998437e+00 0.000000000000000000e+00 0.000000000000000000e+00 1.500000000000000000e+00 0.000000000000000000e+00 0.000000000000000000e+00 0.000000000000000000e+00 0.000000000000000000e+00 0.000000000000000000e+00
1.753549029711974144e+09 2.519999999999998241e+00 0.000000000000000000e+00 0.000000000000000000e+00 1.500000000000000000e+00 0.000000000000000000e+00 0.000000000000000000e+00 0.000000000000000000e+00 0.000000000000000000e+00 0.000000000000000000e+00
1.753549029711986542e+09 2.549999999999998046e+00 0.000000000000000000e+00 0.000000000000000000e+00 1.500000000000000000e+00 0.000000000000000000e+00 0.000000000000000000e+00 0.000000000000000000e+00 0.000000000000000000e+00 0.000000000000000000e+00
1.753549029711998940e+09 2.579999999999997851e+00 0.000000000000000000e+00 0.000000000000000000e+00 1.500000000000000000e+00 0.000000000000000000e+00 0.000000000000000000e+00 0.000000000000000000e+00 0.000000000000000000e+00 0.000000000000000000e+00
1.753549029712011576e+09 2.609999999999997655e+00 0.000000000000000000e+00 0.000000000000000000e+00 1.500000000000000000e+00 0.000000000000000000e+00 0.000000000000000000e+00 0.000000000000000000e+00 0.000000000000000000e+00 0.000000000000000000e+00
1.753549029712023973e+09 2.639999999999997460e+00 0.000000000000000000e+00 0.000000000000000000e+00 1.500000000000000000e+00 0.000000000000000000e+00 0.000000000000000000e+00 0.000000000000000000e+00 0.000000000000000000e+00 0.000000000000000000e+00
1.753549029712036371e+09 2.669999999999997264e+00 0.000000000000000000e+00 0.000000000000000000e+00 1.500000000000000000e+00 0.000000000000000000e+00 0.000000000000000000e+00 0.000000000000000000e+00 0.000000000000000000e+00 0.000000000000000000e+00
1.753549029712049007e+09 2.699999999999997069e+00 0.000000000000000000e+00 0.000000000000000000e+00 1.500000000000000000e+00 0.000000000000000000e+00 0.000000000000000000e+00 0.000000000000000000e+00 0.000000000000000000e+00 0.000000000000000000e+00
1.753549029712064981e+09 2.729999999999996874e+00 0.000000000000000000e+00 0.000000000000000000e+00 1.500000000000000000e+00 0.000000000000000000e+00 0.000000000000000000e+00 0.000000000000000000e+00 0.000000000000000000e+00 0.000000000000000000e+00
1.753549029712078094e+09 2.759999999999996678e+00 0.000000000000000000e+00 0.000000000000000000e+00 1.500000000000000000e+00 0.000000000000000000e+00 0.000000000000000000e+00 0.000000000000000000e+00 0.000000000000000000e+00 0.000000000000000000e+00
1.753549029712090731e+09 2.789999999999996483e+00 0.000000000000000000e+00 0.000000000000000000e+00 1.500000000000000000e+00 0.000000000000000000e+00 0.000000000000000000e+00 0.000000000000000000e+00 0.000000000000000000e+00 0.000000000000000000e+00
1.753549029712103605e+09 2.819999999999996287e+00 0.000000000000000000e+00 0.000000000000000000e+00 1.500000000000000000e+00 0.000000000000000000e+00 0.000000000000000000e+00 0.000000000000000000e+00 0.000000000000000000e+00 0.000000000000000000e+00
1.753549029712116241e+09 2.849999999999996092e+00 0.000000000000000000e+00 0.000000000000000000e+00 1.500000000000000000e+00 0.000000000000000000e+00 0.000000000000000000e+00 0.000000000000000000e+00 0.000000000000000000e+00 0.000000000000000000e+00
1.753549029712128878e+09 2.879999999999995897e+00 0.000000000000000000e+00 0.000000000000000000e+00 1.500000000000000000e+00 0.000000000000000000e+00 0.000000000000000000e+00 0.000000000000000000e+00 0.000000000000000000e+00 0.000000000000000000e+00
1.753549029712141275e+09 2.909999999999995701e+00 0.000000000000000000e+00 0.000000000000000000e+00 1.500000000000000000e+00 0.000000000000000000e+00 0.000000000000000000e+00 0.000000000000000000e+00 0.000000000000000000e+00 0.000000000000000000e+00
1.753549029712153912e+09 2.939999999999995506e+00 0.000000000000000000e+00 0.000000000000000000e+00 1.500000000000000000e+00 0.000000000000000000e+00 0.000000000000000000e+00 0.000000000000000000e+00 0.000000000000000000e+00 0.000000000000000000e+00
1.753549029712166309e+09 2.969999999999995310e+00 0.000000000000000000e+00 0.000000000000000000e+00 1.500000000000000000e+00 0.000000000000000000e+00 0.000000000000000000e+00 0.000000000000000000e+00 0.000000000000000000e+00 0.000000000000000000e+00
1.753549029712178707e+09 2.999999999999995115e+00 0.000000000000000000e+00 0.000000000000000000e+00 1.500000000000000000e+00 0.000000000000000000e+00 0.000000000000000000e+00 0.000000000000000000e+00 0.000000000000000000e+00 0.000000000000000000e+00
